445444545454544555555454444444
444544454554555454454555444444
444544544545555445544555444444
444544454545555445454555444444
445444455454454555555454444444
445444545445544555555445444444
444544544554555454544555444444
445444455445454555555445444444
445544544454555454544555444444
445544454445454555555445444444
445454454445454555555445444444
444444545445454555454445455544
454544544454555454544555444444
444444544545555454544454445554
544554444454455544555455444444
455445454444445554554555444444
444444555445454555445554454444
444444544555555454455544444454
455444544555544445555445444444
454444455555444444555444445554
555554544445455554544444444444
455444544555555445544445444444
455444544555544454555454444444
444444455454544454544555555444
444554555445544445544555444444
455444544555555454544454444444
454444545555444444454444455555
455555544445455554444445444444
444444544554544445555445444555
444444455445544445544555555444
