555445555445444555555445555554
555445555445444555555444555555
555554555445444555555445555445
555555444555555444544555544555
555555555444444555555445555445
555455544555544455455545555544
555555455554544445544555555445
555544455545544455555455544555
555445544555544445455554555555
555445454555554445545554545555
555445554555554445545554445555
555545455545544455555454544555
555545455545544455544555555454
555555455554544445555445544555
555454544555544455455545555545
555544455545544455544555555455
555554445445554555554455554455
555554445445554455554555554455
555555445444554555554455554455
555554444545554455555455554455
555445554555554445445554555554
555455544555544455455545455554
555554445445545455544555555455
555455544555544455455544455555
555554444545554545555445554555
555555444544555455544555544555
555555444544555455554455554455
555555445444554455554555554455
555454544555545455545455455545
555455544555545455445444555555
