554555555455554545545554455555
554555555455554545445554555555
555455554555545455455545555554
555455554555545455455544555555
554555555455544545455554555555
555555555544544455455555555455
555555555544444555555455555455
555555555544555455544455455555
555555555544554455544555455555
555555555554554445554555445555
555555555544554455444555555555
555555555554554445544555455555
555455554555545445455554555555
555555555455444555555445555554
555555555544444455555455555555
555555555555555444554555444555
555555555455544455455544555555
555555555555554444544555455555
555555555544444455555555555455
555555555554555445554555444555
555555555455544455455545555554
555555555554444455555455555545
555555555544555455554555444555
555555555545444555555455555454
555555555544554455554555445555
555555555555444455555455555544
555555555554444555555455555445
555555555455444555555455555544
555555555555444455555445555554
555555555544554455445555555455
