444454555544444454444445444444
454444445555454444544444444444
445444554555445444444444444444
445444554555444444445444444444
444544555455444544444444444444
454444545555454444444444444444
444544555455444444444544444444
454444545555444444454444444444
444454555545444444444454444444
444454555545444454444444444444
444444444455555554444444444444
444444544444455555454444444444
444444455555454444544444444444
444444444444555554444455444444
444444544444455555444444454444
444444555554444454444445444444
444445444444555555444444444444
444444454444455555544444444444
444444544444454444455555444444
444454444444555554444445444444
444444444445555554444444444454
444444444445444454555554444444
454444444444455555544444444444
444444444454555554444445444444
444444444445555554444454444444
444444444444455555554444444444
444444444455555544444444544444
444444444444555445444555444444
444444444444555544444555444444
444444554444545444444555444444
