444555555445454545454544454555
454555454544454545555445444555
555454445454545454544555555444
555444544555545454445454555454
455544544545544545555445444555
455544444545544545555445544555
445444545554545445544555555445
544555555445544545444545455544
445555544544544545555445444555
544555555445544545455545444544
444555555445544545544545455544
445554545444545445544555555445
544555555454544454455544445554
444544455545544545555445544555
555445544555545445545554445444
555445544555545445545444445554
555444544555545454445454555544
455544445554454445454555555445
555444544555545445545445445554
555454544555544454455544445554
445554545445545445544555555444
555544445445545445544555555444
455544545445545445544555555444
444555555445544545544544445555
444555555445544545544545445554
445554544545544545555445444555
555444544555545445545445455544
555544445454545454544555555444
445554455544544454555454544555
445554455544544454544555555454
