445444444444454554555445454444
444554555454444544444455444444
445554554445445554444444444444
455444454555445444554444444444
455544544455455544444444444444
454455545444454544444455444444
554454444545445454554444444444
545444544555445444554444444444
454554445445454554544444444444
444554555455444544444444444454
455454544544455454444445444444
444555555444444555444444444444
555444444555555444444444444444
455444554555445444444444454444
444554555455444444444544444454
554544444455445544554444444444
455444554555445444454444444444
444554555455444544444454444444
544545444454455545544444444444
455444554555444444445444454444
545445454444545554444445444444
454545445454454545544444444444
445444444444444554555555444444
445554444444444444555555444444
455544444444444444555555444444
545454454544545454444445444444
554454445544554454444445444444
445455554444445544444455444444
444554445444444444555555444444
445444444554444444555555444444
