544454555455544555455545444444
544454555545555445454555444444
444454455454544555555444544555
454444454554555445444555555445
544455455555444444555544444555
455445544445544555555444444555
544554544445555445444555555444
454445545445544555555444444555
454554454444555445444555555445
544454544544555445444555555445
544454544545555445444555555444
455454444454544555555444544555
455454544454544555555444444555
444455455454544555555444544554
454445445445544555555444544555
454554454445555445444555555444
554444454554555445444555455445
554444544554555445444555545445
444455455445544555555444544545
455455544445544555555444444545
554554454445555445444555455444
455455544454544555555444444554
455455444454544555555444544554
554554454444555445444555455445
554554544445555445444555545444
455544444544544545555445544555
455544445445545445544555555444
544555555445544545455544444544
555444544555545445445445445554
444544455544544545555445544555
