445444454454454555555454444444
444544454454555454454555444444
444444455454544444544555555444
444444455544544444544555555444
444444455445544444544555555444
444444455444544445544555555444
444444454554444445555445444555
444444455444554444544555555444
444444445554444445555445444555
444444444554454445555445444555
444444444554544445555445444555
444444544554444445555445444555
444444455444544454544555555444
444555444444455444555555444444
555444444554444444555555444444
444444555555455444444444444555
444444444554444455555445444555
555444444444444554555555444444
555554444444444444555555444444
444444555555444444444554555444
444555455444444444555555444444
444444555555444444555554444444
444444555555444444444444455555
444444555555444554444444555444
444444455555444444555555444444
444444555555444444455444444555
444444555555444444444444555554
444444555554444444555555444444
455555444444444444555555444444
444444555555444444455555444444
