555555444544454545555445454555
555555445444545454544555555454
555555444544544545555445544555
555454544555545454545444455555
555454544555545454445444555555
555554445445545445544555555445
555555445444545445544555555445
555554444545454545555445454555
555554444545544545555445544555
555455544555545455445444555544
555454544555545455545445455544
555455544555545455545444455544
555544445455545455544555555444
555454544555544454455544555554
555544445445545455544555555454
555554455544544454544555555454
555554455544544454555454544555
555544445444545455544555555455
555454544555544454455544455555
555454544555545455445445555544
555554445554454445454555555445
555544445454545455544555555445
555455544555544455455544555444
555554445554544445555445544555
555544455554544445555445544555
555454554555545454545444445555
555554444544555454544555544555
555454544555544455455545555444
555455544555545445445445555544
555455544555545445545445455544
