555445544445544555455554444444
544555544445555445455554444444
555444544555544445455555444444
544445555445544555455554444444
544445544555555445455554444444
555444544555444444555445444555
455444555445544555555445444444
555454544445544555455545444444
545444555445454555555445444444
555455544445544555455544444444
554555544445555445445554444444
544454555545544445455555444444
544455555445544555455544444444
554445544555555445445554444444
544454555445544555455545444444
544544554545454555555445444444
555544555444544555455544444444
555544555444444555555544444444
554444555445544555455545444444
545444555454454555555454444444
555444554544545555455544444444
555445554444554555445554444444
455444555454544555555454444444
555544554444545555455544444444
544455544555555445445554444444
555445554445544555455544444444
544544555445555445454555444444
544555544455555445445554444444
554445555445544555455544444444
544555444455555455455544444444
