555555444555555444554555554555
454555554555555444554555545555
554555554555555444444555555555
455555544555555444554555554555
545555554555555444554555454555
555455555455444555555455555544
555455555455444555555445555554
445555554555555444554555554555
554555554555555444544555455555
555554555445444555555455555455
555544555455444555555455555455
554555554555555444554555445555
555454555455444555555455555545
555545555455444555555455555454
555555555444444555555455555455
555455555455444555555444555555
555455554455545455455545555554
554555454555555444554555545555
555545555454444555555455555455
545555454555555444554555554555
555455555454444555555455555545
554555554455554545545554455555
554555554455554545445554555555
555455554455545455455544555555
555554445445554555555455555455
555554444545555455554555554555
555555444544555455554555554555
555555445444554555555455555455
455555545444554555555455555455
455555544544555455554555554555
