454555454445555445445554444444
544445544555555445445554444444
544555544445555445445554444444
444444455544544555544445555445
444444455544544555555445544445
544445555445544555455544444444
544454555454544555455544444444
454445454555555445445554444444
555445544445544555455544444444
444444455544544555555454544454
555454544454544555455544444444
444444455544544555544454555454
454444555445544555555445444444
444444544545555455544555444454
444444545445554555555445454444
444444544544555455544555444455
444454544555555445544555444444
444454455545555445454555444444
445444454555454555555445444444
444544555454555454544555444444
544544555454544454455555444444
454444545554544555555454444444
454444544555555445544555444444
445444454555555445454555444444
444544555454544555555454444444
444544555445544555555445444444
445444544555544555555445444444
445444544555555445544555444444
444544555445555445544555444444
444454555445544555555445444444
