555544555445444555555445555445
555445555445444555555445555544
555545555445444555555445555444
555554455545544445544555555445
555555455544544454544555555454
555555445554544445555445544555
555555455544544445544555555445
555544455544544455544555555455
555445554555554445545554444555
555454544555544454455544555555
555455544555544455455545555444
555455544555544455455544555544
555555445554454445555445454555
555544455545544455544555555454
555455544555544455455545455544
555445554555554445445554445555
555454544555544455455545555544
555555455544544454555454544555
555554455554544445544555555445
555445554555554445545554445554
555454544555544455455545455545
555454544555544455455545555445
555554455554544445555445544555
555544455544544455555455544555
555555445554454445454555555445
555554544445454555555445555445
555455445455545455544555555444
555554555444444555555445555445
555445555445444555555444555554
555554445554545445544555555445
