454454544445455544444454444444
454454544445445554454444444444
454454445544454454544445444444
544544444455455544544444444444
445445554444445554444445444444
454454445545454454544444444444
445454554544445454444445444444
454454445545454444544454444444
454544445455454544544444444444
454454545544454454444445444444
454454545544444454454445444444
454445445554454444544445444444
544454455544544454444445444444
454445445554454445544444444444
544454455544444454544445444444
455444544555455444444444444444
455444544555444444455444444444
445454554545445444444454444444
444455555544444455444444444444
445544554455445544444444444444
445544554455444444445544444444
444554555445444554444444444444
445544554455445444444544444444
445544554455444544445444444444
444554555445444444444554444444
454544545455444444454544444444
545444454555545444444444444444
454544545455454444444544444444
545444454555444444545444444444
554444445555444444554444444444
