444444444554444445555445444555
444444455444544444544555555444
444444554555545445544445444444
444444555455544545544445444444
444444445444554444544555555444
444444554555455445454445444444
444444555455454545454445444444
444444554555545454544454444444
444444545555554444555444444444
444444444544444455555445444555
444444555455544554544454444444
444444555545444455444555444444
444444544555555454544454444444
444444544445544555555445444444
444444454445454555555445444444
444444555445454555454445444444
444444555445544555544445444444
444444554555445545444455444444
444444544454555454544555444444
444444544445555445544555444444
444444555455545544554444444444
444444544555555445544445444444
444444545545555454554444444444
444444545545454555444455444444
444444545554554445555444444444
444444455545544455444555444444
455554544445455554444444444444
544445444444555445544555444444
455444444554444444555555444444
455444444444444554555555444444
