555455544555544455455544555555
455555545554554445554555555445
555555445554554445554555555445
555455544555544455455545555554
455555545554554445555445554555
555445554555554445445554555555
555555455544544455544555555455
554555555445554445545554455555
555554455545544455555455544555
554555555445554445445554555555
555555455544544455555455544555
544555555455544455455545555554
544555555455544455455544555555
555554455545544455544555555455
555555445554554445555445554555
555445554555554445545554455555
555544555454444555555455555545
445555554555555444554555445555
445555454555555444554555545555
555544555455444555555455555544
455555544555555444544555455555
545555554555555444454555445555
555554555445444555555445555554
555545555455444555555454555544
455555545444554555554555555445
555454554555544455455545555545
455555545444554555555445554555
555554444455555545555445554555
455555554444545555544555555455
555555444454555545555445554555
