555454544555545454545444445555
555544444545544545555445544555
555445544555545445545445445554
555544444545454545555445454555
555445544555545445545445455544
555545445445545445544555555444
555444544555545445545445455545
555445544555545445545444445555
555544445445545445544555555445
555444544555545445445445555545
555454544555545454545454455544
555445544555545445445445555544
555454544555545454445454555544
555444555445444555555445555444
555544445454545454544555555454
555545444544454545555445454555
555545444544544545555445544555
555444544555545445445445555554
555445544555545445445554555444
555445544555545454445454555454
555554445444545445544555555445
555445454555454445445554555544
555445454555454445445554455554
555455445454545454544555555444
555544445554454445555445454555
555544445554544445555445544555
555454544555544454455544445555
555554445445545445544555555444
555445544555544445455554555444
555445544555545445445444555554
