454555454445555445445554444444
544445544555555445445554444444
544555544445555445445554444444
444444455544544555544445555445
444444455544544555555445544445
544445555445544555455544444444
544454555454544555455544444444
454445454555555445445554444444
555445544445544555455544444444
444444455544544555555454544454
555454544454544555455544444444
444444455544544555544454555454
454444555445544555555445444444
444444544545555455544555444454
444444545445554555555445454444
444444544544555455544555444455
444454544555555445544555444444
444454455545555445454555444444
445444454555454555555445444444
444544555454555454544555444444
544544555454544454455555444444
454444545554544555555454444444
454444544555555445544555444444
445444454555555445454555444444
444544555454544555555454444444
444544555445544555555445444444
445444544555544555555445444444
445444544555555445544555444444
444544555445555445544555444444
444454555445544555555445444444
445445454555454445555554444444
444544555454544555444444555454
445444544555555445444444544555
444544555445544555444444555445
445444454555555445444444454555
444444544554555445544445445555
444444555545554454545554444454
444444555545554454544454445554
444444545445454555454445455554
444444545555454455455545454444
444444554454455545454445445555
444444545555454455454445455544
444444544545555454544454455554
445554454445555445454555444444
445554454445454555555445444444
445554444444555445544555544445
445554544445555445544555444444
455544544454544555555454444444
445554444444555445454555454445
455544444444544555555454544454
455544544454555454544555444444
455544544445544555555445444444
455544444444544555555445544445
455454544445544555555445444444
454554544445555445544555444444
455454444444544555555445544445
454554444444555445544555544445
555454554444544555455544444444
454555444455555445445554444444
444444545455454555454445455544
454455444555555445445554444444
544555444455555445445554444444
444444545454455545454445454555
554454555444544555455544444444
444444545454454555454445455545
444444554545555454544454445554
555445554444544555455544444444
444444545454454545455445454555
444444555445444555555455444454
444444544555555444554555454444
444444555445544555455544544445
544555444444555445445554444455
444444544555555445445554544445
544555444444555445445554544445
444444555445454555445554455444
444444544555555454455544544454
444444555445454555445554454445
555445444444544555455544544445
454555444444555445445554454445
444444555454544555455544544454
555454444444544555455544544454
555454444444544555455544554444
444444544555555445445554444455
444444555445544555445554545444
555445444444544555455544554444
444444555454544555455544554444
454555444444555445445554444455
444444555445544555455544554444
444444544555555445455544444545
444444544555555454455544444554
444444455545544445544555555444
444444455544544445544555555445
444444545554544445555445444555
444444544554544455555445444555
545444554555454445555445444444
445555554555445444444555444444
555544555455444544555444444444
444444545445554445454555555444
444444544545544455555454444555
444444554554544445555445444555
454555545444455555444444455444
444454555545544445545555444444
444545555455544454544555444444
454444455555444444555444445555
454444544555555445444444544555
444444544454544555555445444555
444554555445444444444554555554
444554555445544445545555444444
455444544555544445555545444444
544554555445544445445555444444
444454555554444444444555555544
444545555455544555544454444444
444454555445544555444444555445
444454555545444444555454555444
454444545555444444454555444555
444444544544544455555455444555
454555545444444444455555455444
544454555545544445445555444444
454444545555544445555545444444
554444445555444444555554554444
445444554555555445554445444444
455444544555455444444444455555
444554555445444554444444555554
455555544455455544444455444444
555454444545444444555554444554
455444544555444444455444455555
444544555455544455544555444444
555554554445445554444444554444
554444445555554444444444555554
545444554555555445454445444444
555554554445445554554444444444
444455555544444455455555444444
554444445555444444554444555554
444455555544444444455555444455
444455555544444444444455455555
555454444545555554444444444554
454445545555544445555544444444
444544555455544555544455444444
554444445555554444555554444444
445444554555554445555445444444
455445544555544445555544444444
455555554445445554454445444444
455555544455455544444444444455
444455555544444455444444455555
544454455545544454444444555554
454445545554454445444444455555
455555554445445554444444454445
555554544455455544544454444444
454445545554444444454445455555
544454455545444444544454555554
555554544455455544444444544454
454445444444555445544555555444
544454444444544555555445444555
444444544554444555555445444555
444444555555455444444444455555
444444555555444444455444455555
454554444444444555555445444555
455555455444444444555555444444
455444444444544544555455555544
444444455455554444544555555444
444554444444445445554555445555
455444444444555454544555555444
444444555555444444444554555554
555554444444444554555555444444
444444555555444554444444555554
455555444444455444555555444444
444444455545554444544555555444
455544444444555444544555555444
455444444444454555555444445555
455445444444555444544555555444
455444444444555445544555555444
444444555555444455444444455555
444554444444454555555445444555
544554444444444555555445444555
455444444444454555555445445554
444554444444555454544555455544
445554444444444555555445444555
444444555555444444555554554444
444554444444544555555445444555
444444545554444455555445444555
555554444554444444555555444444
444455455555444444555555444444
555555444444555555444445444444
444554444444555454444555555544
444444455554554444544555555444
444444555555444444445555444555
444444455554444455555445444555
444555445555444444555555444444
444444554554444455555445444555
455454444444555444544555555444
444444555555444444444555445555
554444555554444444555555444444
444444555555444444455555444455
444444555555444444555454555444
544444444444555555444444555555
444555544555444444555555444444
444444555555554444444444555554
444444555444444544555455555544
444444555555444444555444555544
444444555555444444444455455555
455555444444444455555555444444
455555444444454445555555444444
555554544454444444555555444444
444444555555444444555544555444
555554554444444444555555444444
444444555555444444555444555445
444444555555444444555445555444
444444555555454445444444455555
444444555555444444544454555554
555554444444554444555555444444
444444555555544454444444555554
444444555555444445444444555555
555444444444544544555455455544
444444555555444444554444555554
555554444444544454555555444444
444444555555444444544555444555
555555444444555555544444444444
444444555555444444544444555555
544555444555444444555555444444
555445555444444444555555444444
454555444555444444555555444444
444555454555444444555555444444
444444555555444444444555454555
444444555555444444454555444555
555444555445444444555555444444
444444555555444444444555544555
555555544444444444555555444444
555555444444555555444444544444
445555444555444444555555444444
555544555444444444555555444444
444445444444555555444444555555
555555444445444444555555444444
444444555555444444454445455555
444444544444555555444444555555
555555444444544444555555444444
444555444444445445554555445554
455555454445444444555555444444
444555445445444444554555445554
555555444444555555444444444445
455555444455444444555555444444
444444555555544444444444555555
555444555544444444555555444444
444444555555444444444445555555
444444555555444444555444555454
555454555444444444555555444444
555444544544444444555455455544
555555444444444445555555444444
555444555454444444555555444444
455454544545544445555455444444
454554545445554555544445444444
454554545445544445554555444444
455454544545555455544445444444
444555555444444444455555455444
555444444555444444555554444554
555444554555444444545445454445
544454544555444444555445444555
444555555455444444544545544454
454445555445444444544555555444
454454545545544445555455444444
454454545545555455544445444444
454454545545554555544445444444
454454545545544445554555444444
444545555455544554544455444444
545444554555455445554445444444
455445555444444444544555555444
544554444555444444555445444555
455444555445444444544555555444
455454555444444444544555555444
444554544555444444555445444555
444544555455554545554445444444
444554454555444444555445444555
444554555455544545544455444444
444544555455554445554545444444
455444555454444444544555555444
454554444555444444555445444555
445445554555544455545454444444
544544555455554445454545444444
445454554555544455545445444444
445444554555545555444444545444
444544555455555545444545444444
455444554555545445554445444444
445444554555545455544455444444
445444554555544455545455444444
444544555455555545444444444545
445445554555545455544454444444
445444554555545555545444444444
544544555455554545454445444444
454544555455554445544545444444
445445554555544445545554444444
555444554555545445444444454445
544544555455544445455545444444
444555555455544545444444544454
555454544545544445455455444444
454555545445544445554554444444
454444555445544555444444555445
444454544555555445444444544555
444454555454544555444444555544
454444454555555445444444445555
454455444555555445444444445554
554454555444544555444444455544
