544454555455544555455545444444
544454555545555445454555444444
444454455454544555555444544555
454444454554555445444555555445
544455455555444444555544444555
455445544445544555555444444555
544554544445555445444555555444
454445545445544555555444444555
454554454444555445444555555445
544454544544555445444555555445
544454544545555445444555555444
455454444454544555555444544555
455454544454544555555444444555
444455455454544555555444544554
454445445445544555555444544555
454554454445555445444555555444
554444454554555445444555455445
554444544554555445444555545445
444455455445544555555444544545
455455544445544555555444444545
554554454445555445444555455444
455455544454544555555444444554
455455444454544555555444544554
554554454444555445444555455445
554554544445555445444555545444
455544444544544545555445544555
455544445445545445544555555444
544555555445544545455544444544
555444544555545445445445445554
444544455544544545555445544555
445554445444545445544555555445
445444445554545445544555555445
455544544544544545555445444555
445554445445545445544555555444
444555555445544545544544455544
555444544555545454445454455544
555445544555545445445444445554
555444544555545445445445455544
555445544555545445445554445444
544555555445544545444544455544
444555555445454545454544445554
444555555445544545544544445554
455544445454545454544555555444
445554454544454545555445444555
445554544544544545555445444555
445544544555544544555444454555
445544555445445445444555555454
445544544544544555555444454555
455555444444455554544444555554
455555444445455554444444555554
555554544444455554444444455555
555554444444455554444445455555
445544445445555445444555555454
555554444444555554444444555554
455555444444455555444444455555
454454454544555445444555555445
445454445545555445444555555444
454454545454544555555444444555
454544445544544555555444544555
445454445544555445444555555445
454454445454544555555444544555
454454454545555445444555555444
454544545544544555555444444555
445544544545555445544555444554
445454454455555445454555444554
445544545444544555555454455454
445544454545555445454555444554
445544545445544555555445455444
445544444545555445544555544554
445544545444544555555445455445
445544545454544555555454455444
454544554454544555555454455444
445544444545555445454555454554
545544445445555445444555455454
455454445445555445444555545544
454455445454544555555444544554
445454554454544555555444444555
454544454455555445444555555444
454554544544544555555444445545
544544544454555445444555555445
454455545454544555555444444554
445544555454445445444555555445
445544554544544555555444444555
445454454454544555555444544555
454544454454555445444555555445
445445454445544555555444544555
554454454545555445444555455444
445445554445544555555444444555
445544454555544544555444544555
545454445544555445444555455445
544544544455555445444555555444
445544555455445445444555555444
554454454544555445444555455445
445544554555544544555444444555
454545445544544555555444544554
445544454544544555555444544555
445545544544544555555444454554
445544445455555445444555555444
454545545544544555555444444554
545454445545555445444555455444
445544445454555445444555555445
455444544555545445545445455544
455445544555545445545444445554
544554555445544545455545444544
444554555445544545544545445554
444554555445544545544545455544
455444544555545445545445445554
455445544555545445545554445444
444554555445454545454545445554
544554555445544545444545455544
455444544555545454545454455544
455544554454544555555454454444
445554454454555445454455444555
455544545444544555555445445445
455544554444544555555445454445
445554444454555445544555544455
445554454544555445454555444545
455544544544555445544555444545
455544445454544555545454555444
455544454454544555554454555444
445554445445544555555445545444
445554444544555445544555544545
455544445454544555555454545444
445554454545555445454555444544
455544445445544555545445555444
445554445445454555555445455444
445554444544555445454545454555
455544445444544555545445555445
445554545445544555555445445444
455544445444544555555445545445
445554444545555445544555544544
455544545445544555555445445444
445554444544555445454555454545
445554444455555445544555544454
455544444544555454544555544554
445554445444544555555445545445
445554544544555445544545444555
455544554444544555555454454454
455544454454544555555454554444
445554454455555445454555444454
445554445444454555455445555445
455544545454544555555454445444
455544444544555445544555544545
445554445445544555545445555444
455544454444544555555445554445
445554444544555445544545544555
445554544454555445544555444455
445554444545555445454555454544
445554455445454555555445445444
455544545444544555555454445454
445554444455555445454555454454
455544444544555454544554544555
455544544554555454544555444544
455544444545555445544555544544
455544554445544555555445454444
445554444454555445454555454455
454555445444454555555445454445
445554454454555445454555444455
455544445444544555545454555454
445554544544555445544555444545
445554445444454555555445455445
445554545444544555555445445445
445554544545555445544555444544
455544544544555454544554444555
455544544545555445544555444544
445554544455555445544555444454
455544544544555445544545444555
455544444554555454544555544544
455544444544555445544545544555
445554445445454555455445555444
455544454445544555555445554444
455544445444544555555454545454
454555445444555445454555454445
455544445445544555555445545444
455544454444544555555454554454
445554455444454555555445445445
445554445444544555545445555445
455544544544555454544555444554
555454444544555454544555544454
445554454544555445454545444555
555454444544555454544454544555
555454444544544555555454544454
454555445444454555454445555445
545544445455555445444555455444
554554445444454555454445455545
454455445445544555555444544545
554544454454555445444555455445
554544544455555445444555545444
445455554454544555555444444554
554544454455555445444555455444
554454544545555445444555545444
554544544454555445444555545445
455454445545555445444555545444
445455554445544555555444444545
454554545544544555555444444545
445545454544544555555444544554
454554445544544555555444544545
554454544544555445444555545445
554554445445454555454445455544
445545554544544555555444444554
454455545445544555555444444545
455455444544555454544454545554
455455544544555454544454445554
445455454454544555555444544554
445455454445544555555444544545
455454445544555445444555545445
545544445454555445444555455445
555454444544544555555445544445
555454444544555445454555454445
445555554444555454544555444454
555454444544555445544555544445
445555554444544555555454444454
454555445444555445544555544445
554554445444544555555454544454
454555445444544555555445544445
555454444544454555555445454445
445555454444544555555454544454
454555545444544555555454444454
445555454444555445544555544445
454555445444544555555454544454
555544444454555445544555544445
445555454444555454544555544454
555544444455454555555445454444
555454444545454555555445454444
555544444454454555555445454445
555544444454544555555445544445
445555454444544555555445544445
545554454444544555555454544454
454555445444555454544555544454
454555545444555454544555444454
455455444544555445454555454445
555544444454555445454555454445
455545444454555445454555454445
555454444545555445454555454444
555544444455555445454555454444
554554445444555445544555544445
554554445444454555555445454445
455455444544555454544454544555
455455444544544555555445544445
455455444544544555555454544454
554554445445454555555445454444
455545444454555445544555544445
554554445445555445454555454444
455455544544544555555454444454
455455444544555445544555544445
455455544544555454544555444454
554554445444555445454555454445
554554445445454445454555555444
455455544544544454555454444555
545554454444544555555445544445
545554454444555445544555544445
554554445444454555454445555445
455545444454544555555445544445
554554445444544555555445544445
455455444544555454544555544454
554555545454544454444444555554
555455454445454545444444455555
554555455445454445444444455555
555455454545454445444444455555
554555544454545454444444555554
555455544554544454444444555554
555455554555544545444444545444
554555454445455445444444455555
555455454555454545444444555444
555455554555454545444444455444
555454544454545554444444555554
555455544555544545444444555444
555455544454544554444444555554
554555555455545454444444444554
554555555454544454444444545554
554555555455545445444444444545
555554444444455544444455455555
554555555454545454444444444555
545555554444555444444444555554
455555444444445554554444555554
555455454555454445444444455545
454555454445455545444444455555
554555555445545445444444444555
555554444444455554544444555554
555545444455444555444444455555
455555444444455545454445454555
555554444445455554444444555554
545554544454555454444444555554
555554444444545554544454555454
455554544444555554444444555554
455555544444455554444444455555
455545454445454555444444455555
555554444444455555444444455555
455554444445455555444444455555
455555444444455555444444555554
555554444444555554444444455555
455555444444455554444445455555
455555444444454555454445455545
555554444444555454544454545554
455555444444555554444444555554
544455455544444444544455555555
544455455544544455444444555555
544455444444555555444444555555
544455455544544455455544444555
544455455544544455455544555444
