445444454454454555555454444444
444544454454555454454555444444
444444455454544444544555555444
444444455544544444544555555444
444444455445544444544555555444
444444455444544445544555555444
444444454554444445555445444555
444444455444554444544555555444
444444445554444445555445444555
444444444554454445555445444555
444444444554544445555445444555
444444544554444445555445444555
444444455444544454544555555444
444555444444455444555555444444
555444444554444444555555444444
444444555555455444444444444555
444444444554444455555445444555
555444444444444554555555444444
555554444444444444555555444444
444444555555444444444554555444
444555455444444444555555444444
444444555555444444555554444444
444444555555444444444444455555
444444555555444554444444555444
444444455555444444555555444444
444444555555444444455444444555
444444555555444444444444555554
444444555554444444555555444444
455555444444444444555555444444
444444555555444444455555444444
445444444555444444555554444554
444544555444444444455555455444
454444544555555445544445444444
444454555445454555454445444444
444454555445544555544445444444
454444544555555454544454444444
444544555455544554544454444444
445444554555455445454445444444
444544555455544454544554444444
444544555445454555454445444444
444544555445544555544445444444
445444554555454445455445444444
445444544555555454544454444444
445444544555555445544445444444
444544555454444444454555454454
445444454555444444555454454454
444554555444444444544555545444
444444554555455454455454444444
444444555455454554454554444444
455444444555444444555445444545
444444554555455445455445444444
444444554555545554444444545444
444444555455455545444444444545
444444555455455545444545444444
445555554444445555444444454444
444444445444454554555445445554
444544444444455454544555455544
444444554555545554545444444444
444444555455544554544554444444
444444444544544455555445444555
444444444544455454544555455544
444444445454554444544555555444
444444554555545454545454444444
444544455454444444544555455544
444444554555545445545445444444
445444444444454554555445445554
444444555455544545544545444444
445555554444445555454444444444
444444445444554445544555555444
444444554555545545544445444444
444444445445554444544555555444
444444454544444455555445444555
555544444455555544444444444454
444444555455445545445545444444
444444554555545455544445444444
444444545555554445555444444444
455554544445455554444444444445
444444555455545545544445444444
444444554555455455454445444444
555544444455555544444454444444
444444555455554545544445444444
444444555455455544444444455544
444444445544444455555445444555
444444544544444455555445444555
444444555455454545454545444444
445444454554444444555445445554
445555444444454444555555444444
455554544445455554444445444444
444444554555545544545544444444
444444555545544455444555444444
444444445544554444544555555444
555544444444444454555555444444
455554544445455554544444444444
444444545555554444555544444444
444444555545444455544555444444
555544444454444444555555444444
455554544445455554444444544444
444444555545444455445555444444
455554444444544444555555444444
444444554555445554444444445554
445555454444444444555555444444
455554544444444444555555444444
444444545555554444555445444444
444444555455554554544454444444
444444544454555454554555444444
444444555545444454444444555554
444444545555554444555454444444
455554444445444444555555444444
444444555555444444455554444445
444444555455454555454445444444
444444455555544444444444555554
444444555545444455454555444444
444444455555544444555554444444
455554444444444445555555444444
444444545555454444444444455555
444444444444555555444444455555
444444555555444444455554544444
444444455554544444555555444444
444444454445454555555455444444
444444544445544555555455444444
455555444444555555444444444444
444444555554544444455555444444
555554444444555555444444444444
444444555554444445444444455555
444444455554444445555555444444
444444544445555445554555444444
444444554555555445544445444444
455555444444444445555554444444
444444444444555555444444555554
444444555554444445455555444444
444444455555444445555554444444
444444554555555454544454444444
444444555455544555544445444444
555554444444544444455555444444
444544555455544445544545444444
445444554555544445545445444444
444544555455544545544445444444
445444554555544454545454444444
445444554555545454544454444444
444544555455454445454545444444
445444554555545445544445444444
444544555455454545454445444444
444544555544444444544555545444
445444445555444444555445444545
444544555455454454454554444444
445444554555454454455454444444
544445444444544555555455444444
544445444444555445554555444444
544454444444555454554555444444
454445444444454555555455444444
544544444555444444555445444545
445444554555544544545544444444
545554444444444454555555444444
545554444454444444555555444444
444544555455445445445545444444
544454555444444444555555444444
544544444555444444555454444554
544555455445544554444445444444
544555455445544554444444444445
544555455445444444544554444445
544555455445444554544445444444
544544444444455555555444444544
545554444444544444555555444444
544555444445444444555555444444
544555444444444445555555444444
544445555444444444555555444444
544544444444455555544554444454
544544444454555454445555444444
544554444444444554555555444444
545444545544444444555555444444
545444545454444444555555444444
545454444444545444555555444444
545444444444545544555555444444
545544444444545444555555444444
545544545444444444555555444444
545444444444545454555555444444
545454545444444444555555444444
544455444444444455555555444444
545444545445444444555555444444
544545444444444545555555444444
544455444455444444555555444444
545445444444545444555555444444
545444444444545445555555444444
545444554544444444445555545444
544545444545444444555555444444
545444554454444444445555545444
545445545444444444555555444444
545444444444554444555555454444
544454444444544554555555444444
545545454455545544444445444444
545455454545545454444444444445
545545554454445545444444544444
544454545454444444555555444444
545545554454444444445545544444
545545454455444444545544444445
545455554544444444445455544444
544555444444544444555555444444
544555544444444444555555444444
544454544554444444555555444444
544554444444544454555555444444
545455554544445455444444544444
545545454455545544444444444445
545545554454445545544444444444
545454544454444444555555444444
545455554544445455544444444444
544554544454444444555555444444
544454444444545454555555444444
545455454545545454444445444444
545444545555444444555444444544
545455554544445444544455444444
545455454545444444545454444445
545454444444544454555555444444
545544444444444454555555444454
544544444444554444555555454444
544544444444544454555555444454
544544444444444554555555444454
545545544444444444555555444444
544544444444545444555555445444
544455444444545444555555444444
544454444444554454555555444444
545455444444544444555555444444
545444444444544455555555444444
545545444444544444555555444444
545545444445444444555555444444
544455554444444444555555444444
545455544444444444555555444444
544455545444444444555555444444
544544555444444444445555545444
545455444444444445555555444444
544454554454444444555555444444
545545444444444445555555444444
544455544445444444555555444444
545455444445444444555555444444
545444544455444444555555444444
544455444444554444555555444444
544445545445444444555555444444
544545444444544445555555444444
544455444444544445555555444444
544445544455444444555555444444
545445544445444444555555444444
544445554445444444555555444444
544445544545444444555555444444
544545544445444444555555444444
545445444444544445555555444444
545544454455545554444444444454
545544454455444444545554444454
545444444444444555555555444444
545454454544444444545555444454
544454444444555444555555444444
545544454454444444545555444454
544544555455444444545544445444
544454555545444444545454445444
545444544555444444555444445544
545444544555444444555544445444
545444554555444444445454544454
544454455554444444544555444544
545444554555445454444444544454
544544545455444444555544445444
544544555455444444445544545444
544454555545445454444444545444
544454455544444444544555444554
544544555455445544444444545444
544454455554444444544545444554
544454555545444444445454545444
544554455454444444544555444544
545444554555444444555444454444
545454544545444444555454445444
544454555545444444554454454444
545444554555444444455444554444
544544455454444444544555444554
544544555455444444554544454444
545444554555455444444444554444
545444554555455444554444444444
544545455445444444544555444544
544454555545454454444444554444
544544455445444444544555444545
544544555455444444454544554444
544454555545444444454454554444
544544555455454544444444554444
545445544554444444555445445444
545444444555444444555444444555
544544455455555544444544444444
544544455455555544544444444444
545444454555444444545444444555
544544455455555544444444444544
545444454555545444444444444555
544454455544444444545555444454
544544455455444444555544544444
544544455455555544444444544444
544454455545444444545554444454
544544455455544444555544444444
545444454555444444545555444444
544454455545444454545554444444
544454555545444444544454455444
544445455554544445555444444444
544454455545444444555454544444
544454455545544454555444444444
544454455545544454444444555444
544454455545444444544454555444
544454455545544444555454444444
