555555444544454545555445454555
555555445444545454544555555454
555555444544544545555445544555
555454544555545454545444455555
555454544555545454445444555555
555554445445545445544555555445
555555445444545445544555555445
555554444545454545555445454555
555554444545544545555445544555
555455544555545455445444555544
555454544555545455545445455544
555455544555545455545444455544
555544445455545455544555555444
555454544555544454455544555554
555544445445545455544555555454
555554455544544454544555555454
555554455544544454555454544555
555544445444545455544555555455
555454544555544454455544455555
555454544555545455445445555544
555554445554454445454555555445
555544445454545455544555555445
555455544555544455455544555444
555554445554544445555445544555
555544455554544445555445544555
555454554555545454545444445555
555554444544555454544555544555
555454544555544455455545555444
555455544555545445445445555544
555455544555545445545445455544
555454544555545445545445455545
555554455545544445544555555444
555454555454444555555454555444
555545445454545454544555555454
555555445444554454554555554454
555555444544555455454455454455
555554455544544445544555555445
555554445554454445555445454555
555555445444554555554454554454
555454544555545445445445555545
555544455554544445544555555445
555454544555544455455545455544
555554444545454455555455454455
555455544555545454545454455544
555455544555545454445454555544
555455544555544455455544455544
555544445554545445544555555445
555555444454555545454445454555
555554444455555545544445544555
555555444544454455555455454455
555554444545555455454455454455
555455455545544445544555555444
555555444454555545544445544555
555554444455555545454445454555
555554454445545555544445555445
555544555445444555555445555444
555555454444545555544454555454
555544555444444555555445555445
555555454444545555544445555445
555455544555544455455544444555
555545445455545454544555555444
555545445554544445555445544555
555545445554454445555445454555
555455544555545445445554555444
555554444544555454454555454555
555455544555545445545444455554
555454544555545445545445455554
555554445454545445544555555445
555554445455545445544555555444
555455544555545445445444555554
555554444544555454544555555454
555554444455555445554555554444
555554444454555445554555554445
555545445445545454544555555454
555454544555545445445445555554
555555445444454555454445555545
555544544544545455445455555455
555554454445445555454445555554
555545544545545455445454555454
555554445444544555555445544555
555554445444544555555454544555
555554444454555545544445545555
555455454555454445445554555544
555554445444544555544555555454
555555444544555454544454545555
555554445445454555454445555545
555545445554454445454555555445
555555444554555445544555544445
555555445444454555454555555444
555554454444544555555454544555
555554444454455545555445454555
555555444554555445544445544555
555554455445544555544445555445
555555445444544555544555555444
555545455544544454555454544555
555554445445544555544555555444
555455544555544454455544555544
555554544445454555555445555444
555454554555544454455544445555
555544544554545455445455555445
555544544545545455445455555454
555555444554555445454445454555
555554444544555445544555555445
555554445445454555454555555444
555554445445454555454445555554
555554445444544555544555555445
555555455444544555544445555445
555554444545555445544555555444
555554454444544555555445544555
555555454444545554544555555444
555455544555544445455554455544
555455455544544454544555555454
555554455445544555555445544445
555554445444454555454555555445
555555444544555454555454444555
555455544555544445455545445554
555455544555544454455544455554
555554444544555454555454544555
555455544555544445455554555444
555554444544555445555445544555
555554444454555445544555555445
555555444554555445454555454445
555555444454455545555445444555
555554444545555445555445444555
555554444454555545555445444555
555554444455455545555445444555
555455455544544454555454544555
555455544555544445455544445555
555555455444544555544454555454
555544555454444555555454555444
555555455444544555555445544445
555555444544555445555445444555
555554454444545555544445555545
555545455544544454544555555454
555554455445544445544555555445
555555455444544555555454544454
555454544555544445455545455554
555544555444444555555454555454
555454555444444555555454555454
555554445444454555555445454555
555554444455555445544555555444
555554454444545555544555555444
555555445444554544554555554544
555555444544555455445455445455
555455455544544445544555555445
555454555454444555555444555544
555554454445545555544445555544
555555454445545554544454555454
555455544555544445455544455554
555555445444554555554544554544
555555444544445455555455445455
555554444545445455555455445455
555554544455455545454445454555
555555544454455545454445454555
555554444545555455445455445455
555554455444444555555445455545
555554445444454555555445455545
555554444544555445554555554445
555454555445444555555445555444
555454555444444555555445555445
555554455445444555555445455544
555554444554555445544445545555
555554445544545445544555555445
555554445445454555555445455544
555554444545555445554555554444
555554445545545445544555555444
555554445545454445454555555445
555555445544454445454555555445
555455544555544445455544545554
555554454445544555555445555444
555554445445554555555445554444
555554445444554555554445555445
555454544555544445455545545554
555455454555454445445554445555
555455544555544445455554444555
555554455444544555544555555444
555554454444544555555445555445
555555444454555445554555544445
555454554555544454455544555544
555454554555545445545445445554
555455445554454445555445454555
555554545445454555454445455545
555555445544544454555454544555
555555545444454555454445455545
555455445554454445454555555445
555555444545555454544454545554
555455554555545445545444445554
555554444455555445554555544445
555555454544544454555454544555
555554445445554445554555555444
555455445554544445555445544555
555554445444554555555445554445
555554455445544555544445555544
555455554555545445545554445444
555554455444544555544445555545
555554454445544555555455544445
555555454444544555555455544445
555554445455454445454555555445
555554545445454555454445455554
555555445454454445454555555445
555455554555544445445554455544
555554444554555445555445444555
555455554555544445455544444555
555455554555544445445554555444
555554544454455545555445444555
555455554555544445455544445554
555455554555544454455544445554
555455554555454445445554455544
555454554555544445455545445554
555554455455544445544555555444
555554454554544445555445544555
555545445544545454544555555454
555554455454544445544555555445
555455455545444544555445455554
555455544545545554545445455544
555455544545545554445445555544
555455554544545454544555445554
555555554554445444544555445554
555555455455444544555445455544
555555455455444544555454455544
555454544555455544544454555554
555555554554445444454555445554
555455554545544455455544444555
555544544445455555544445555554
555455544545454555454455455544
555455544555454545454455455544
555454555545444545555445444555
555454554445445555544445555554
555544554445445555544445555554
555455555544444545555445444555
555455544544454555454455455545
555455544544455545455445454555
555455444544555545545445544555
555455444544555545455445454555
555455554554545444544555445554
555554544455454545455445454555
555455555444444444555455555455
555555554444444444554555554555
555455444455555455444444555555
555555444444554555554444554555
555555444455444444555455555455
555455555455444444555455555444
555555544454454545455445454555
555554444444554554554554554555
555555444444555455444455555455
555455555455444444555444555455
555555444444554455554445554555
555555444444554555554555554444
555555444444554444554555554555
555455544455554455444444555555
555455555455444444444455555555
555455554455544455444444555555
555555444444554554554554554554
555555444444444455555455555455
555555444444555455555455444455
555555444444554455554455554455
555555444444544455554455555455
555455455455455455444444455555
555555444444455455455455455455
555555444444554445554545554555
555555454445545454544554555454
555555444444554545554445554555
555455545455544455444444555555
555555444444545455544455555455
555555444444554455544455555455
555555444444554445554455554555
555455555455444455444444555555
555455544455545455444444555555
555555444444544455545455555455
555555554455444444554455554455
555455544455455544555544544455
555455544555455544444455554455
555455544555455544554455444455
555455544455455544444555554455
555555554455444444554445554555
555455544455444444554455555555
555555544455444444554455555455
555455554455444444544455555555
555555554445444444554455554555
555555554455444444544455555455
555455544555455544444455545455
555455544455455544444555545455
555455544555455544545455444455
555555554445444444554545554555
555555545455444444544455555455
555455545455444444544455555555
555555544455444444545455555455
555455544455444444545455555555
555555554545444444554445554555
555555554554444444554554554554
555455455455444444455455455555
555555455455444444455455455455
555554554554444444554554554555
555555445454454545455445454555
555554445455454545455445454555
555555454544545454544554555454
555454545554454545455445454555
555554545454454545455445454555
555454554554445545455445454555
555455445554454545455445454555
