454454544445455544444454444444
454454544445445554454444444444
454454445544454454544445444444
544544444455455544544444444444
445445554444445554444445444444
454454445545454454544444444444
445454554544445454444445444444
454454445545454444544454444444
454544445455454544544444444444
454454545544454454444445444444
454454545544444454454445444444
454445445554454444544445444444
544454455544544454444445444444
454445445554454445544444444444
544454455544444454544445444444
455444544555455444444444444444
455444544555444444455444444444
445454554545445444444454444444
444455555544444455444444444444
445544554455445544444444444444
445544554455444444445544444444
444554555445444554444444444444
445544554455445444444544444444
445544554455444544445444444444
444554555445444444444554444444
454544545455444444454544444444
545444454555545444444444444444
454544545455454444444544444444
545444454555444444545444444444
554444445555444444554444444444
454544545455454544444444444444
444455555544444444444455444444
444545555454444444444545444444
444545555454444545444444444444
445454554545444454445444444444
454454545545444454454444444444
445454554545444444445454444444
554444445555554444444444444444
544445455554544444444445444444
544445455554544445444444444444
454454545545454454444444444444
454445545554454444444445444444
454544545455444544454444444444
445454554545445454444444444444
544544455455444544544444444444
454445545554454445444444444444
454454545545454444444454444444
544454455545544454444444444444
544454455545544444444454444444
544454455545444444544454444444
445445554554444445445444444444
454454545545444444454454444444
445445554554444444445445444444
544544455455544544444444444444
544445455554444444544445444444
454445545554444445454444444444
454445545554444444454445444444
544454455545444454544444444444
544445455554444445544444444444
444454444444555554444455444444
445445554554445445444444444444
445445554554445444444445444444
544544455455444444544544444444
544544455455544444444544444444
454444444444455555554444444444
445444444555444444555444444544
444544555444444444444555445444
444444555555445444444544444444
444444555555444444445444445444
445444444444444544555555444444
445444444444445444555555444444
444444555555444544444444444544
444444555555445444444444444544
445544444444444444555555444444
445444445444444444555555444444
444544444444444544555555444444
444554444444444444555555444444
444444555555444444444544445444
444544444444445444555555444444
444444555555444444445444444544
444444555555444444445544444444
444444555555444444444554444444
455444444444444444555555444444
444444555555445444444444445444
444444555555444444444454444454
444444555555444444455444444444
445444444544444444555555444444
444444555555455444444444444444
444444555555444544444444445444
444444555555444544445444444444
444444555555444554444444444444
444454444454444444555555444444
444444555555445454444444444444
444444555555444444454444454444
444455444444555555444444444444
444444555555445544444444444444
444444555555444444444444545444
444444555555454544444444444444
444454445444444444555555444444
444544444544444444555555444444
444454444444555454444555444444
444444555555444454444444445444
444444555555454444444444454444
454444454444444444555555444444
444544445444444444555555444444
444444555555444455444444444444
454444444444454444555555444444
544444444444544444555555444444
444445444444455555544445444444
444444555555454444444444444544
444444555555444444454544444444
444454444444444454555555444444
444455444444444444555555444444
445444444454444444555555444444
454444444444455555544445444444
444444555555444444444454445444
444454444444445444555555444444
444444555555444445444444444445
444544454444444444555555444444
444444555555544444444444544444
454444444444444544555555444444
444444555555444444454444444544
444444555555444444444544444544
444454444444555554544445444444
444444555555444545444444444444
444444555555444444444444554444
444444555555444454444444444454
454444444544444444555555444444
544444444444555544544455444444
444544444444454444555555444444
444444555555545444444444444444
444545444444444444555555444444
544445444444555555444444444444
554444444444555555444444444444
444444555555444454454444444444
444444555555444444545444444444
454444444444454555555444444444
444445444444455555554444444444
444444555555445444444444444454
544444544444444444555555444444
444444555555444444444445444445
444444555555444444444544454444
444444555555444454445444444444
444444555555444444454444444454
444444555555444444544444544444
444444555555444444444455444444
544444444444555554444455444444
444444555555454444444544444444
444444555555454444444445444444
444454444444455554544455444444
444444555555444444444545444444
444444555555444444444454454444
554444444444444444555555444444
444444555555444444444544544444
444444555555444544444444454444
444444555555445444444454444444
454444444444455554554445444444
444444555555444444554444444444
444445444444444445555555444444
455444444444455544544455444444
444444555555444444445444444454
444444555555554444444444444444
444445444444555545444455444444
544444444454444444555555444444
444445444444454444555555444444
444444555555444454444444454444
445454444444444444555555444444
444444555555444454544444444444
444444555555454454444444444444
444444555555454444444444444454
444444555555444444444445454444
444445444445444444555555444444
444454454444444444555555444444
444444555555444444454454444444
444444555555444445444444544444
545444444444444555555444444444
444445454444444444555555444444
444444555555444444444444544454
444444555555544454444444444444
444454444444454444555555444444
444444555555544444444444444544
544444444444545554554445444444
444444555555444544454444444444
544444444444555554544445444444
544444444445444444555555444444
444445444444455545544455444444
444444555555444444454444444445
545444444444444444555555444444
444444555555444444445454444444
444445444444445555554445444444
444444555555445444445444444444
444445444444445555555444444444
445444444444444454555555444444
454544444444444444555555444444
544444444444444544555555444444
444444555555444544544444444444
544444444544444444555555444444
445445444444444444555555444444
444444555555444544444544444444
444454544444444444555555444444
444444555555444444544544444444
544444444444545555554444444444
455444444444444555555444444444
454444444454444444555555444444
544444444444444454555555444444
444554444444455554544445444444
444444555555444444444445544444
444554444444445554554445444444
444444555555454444454444444444
444444555555444454444444544444
444444555555544544444444444444
444444555555444445454444444444
444545444444555444444555444444
444554444444555444444555444444
444444555555444444544454444444
444444555555544444544444444444
544445444444444444555555444444
445444444445444444555555444444
454444444444444454555555444444
444454444444545554554445444444
444444555555444445444445444444
444444555555454444444454444444
454444444445444444555555444444
544444444444544555555444444444
455444444444455554544445444444
444444555555444445444444445444
444445444444445444555555444444
444444555555444444454445444444
444444555555444544444444544444
544444444444555545444455444444
444445444444555445444555444444
444445444444454555555444444444
444454444444544444555555444444
444544544444444444555555444444
445444444444444445555555444444
444454444444455554554445444444
444444555555444445444444454444
444444555555544445444444444444
544454444444444444555555444444
444444555555444444444454544444
454445444444444444555555444444
444444555555454444444444444445
444444555555444444445445444444
444444555555444444544445444444
454454444444444444555555444444
444455444444555444444555444444
444444555555444445445444444444
444444555555445444444444444445
444444555555454445444444444444
454444444444444445555555444444
444444555555445444444445444444
444444555555444445544444444444
444444555555444444444445445444
444444555555544444444444444454
444444555555544444444444444445
445444444444445555555444444444
444444555555444454444454444444
544445444444444555555444444444
444445445444444444555555444444
444444555555444444445444444445
444444555555544444444454444444
544445444444555444444555444444
444445444444544555555444444444
554444444444555544444455444444
444445444444545555554444444444
544444444444555544444555444444
444445544444444444555555444444
444544444444555544444555444444
444444555555444444444444544544
544454444444555444444555444444
444444555555444444544444444445
444455444444445555554444444444
444544444444544444555555444444
444444555555444444544444444454
554444444444555444444555444444
444444555555544444444445444444
444444555555444444444444544445
444444555555444444544444444544
444444555555445445444444444444
445444444444445555554445444444
544544444444444444555555444444
554444444444444555555444444444
544444444444444445555555444444
444455444444444555555444444444
454444444444455545544455444444
444444555555544444444544444444
444445444444544444555555444444
444544444444555544544455444444
544444444444555445444555444444
454445444444444555555444444444
544444444444555454444555444444
454444444444455554544455444444
444544555444444555444444444544
445444444555555444445444444444
444544555444444555444544444444
444544445455554444445544444444
445444554544444455445544444444
445444444555555444444444445444
444454445545554444445454444444
454444545544444455454544444444
