445444444444454554555445454444
444554555454444544444455444444
445554554445445554444444444444
455444454555445444554444444444
455544544455455544444444444444
454455545444454544444455444444
554454444545445454554444444444
545444544555445444554444444444
454554445445454554544444444444
444554555455444544444444444454
455454544544455454444445444444
444555555444444555444444444444
555444444555555444444444444444
455444554555445444444444454444
444554555455444444444544444454
554544444455445544554444444444
455444554555445444454444444444
444554555455444544444454444444
544545444454455545544444444444
455444554555444444445444454444
545445454444545554444445444444
454545445454454545544444444444
445444444444444554555555444444
445554444444444444555555444444
455544444444444444555555444444
545454454544545454444445444444
554454445544554454444445444444
445455554444445544444455444444
444554445444444444555555444444
445444444554444444555555444444
454455445544454455544444444444
554454445544444454554445444444
455444444544444444555555444444
554444545555444444454444544444
454455445544454444544455444444
455444444444444544555555444444
554444545555454444444444544444
454554545445454554444444444444
545444554555445444444444544444
554444545555454444544444444444
454554545445454444444554444444
455454544545444454455444444444
555444444444555555444444444444
455454544545455444444454444444
455454544545444444455454444444
444555444444444444555555444444
545444554555444444445444544444
455454544545455454444444444444
454554545445444444454554444444
545444554555445444544444444444
454554545445444554454444444444
555444444444444444555555444444
445545554454445545444444444444
444555444444555555444444444444
445545554454444545445444444444
454545545454454545444444444444
545544454455444544545444444444
544554455445444554544444444444
545544454455444444545544444444
445544444444445444555555444444
544554455445544444444554444444
545544454455545444444544444444
545454454545545444444454444444
445444444444445544555555444444
545544454455545544444444444444
545454454545545454444444444444
454545545454444545454444444444
545454454545444444545454444444
445545554454445444444545444444
444554444454444444555555444444
445544444544444444555555444444
545454454545444454545444444444
455445544554455445444444444444
544554455445544554444444444444
445545554454444444445545444444
455445544554444444455445444444
445444445544444444555555444444
454545545454444444454545444444
445455554544445455444444444444
445544444444444544555555444444
455445544554455444444445444444
455445544554444445455444444444
445444445555444444555444444544
454545545454454444444545444444
454444444444455444555555444444
544554455445444444544554444444
554544445455554444444544444444
445455554544445444444455444444
445544445444444444555555444444
554454445545554454444444444444
554454445545554444444454444444
445455554544444444445455444444
454455545544444455454444444444
554544445455554544444444444444
445444444444454444555555454444
554444445555555444444444444444
454444455444444444555555444444
454455545544444444454455444444
554544445455444444554544444444
454455545544454444444455444444
554454445545444454554444444444
454455545544454455444444444444
455444444444454444555555444444
554454445545444444554454444444
445455554544444455445444444444
455444454444444444555555444444
454444444444444554555555444444
554544445455444544554444444444
455444444454444444555555444444
444554454444444444555555444444
455444444444444454555555444444
455454444444444444555555444444
445444444555444444555544444544
545445454554444444545445444444
445454444444445444555555444444
445454445444444444555555444444
445444445454444444555555444444
544545455454544545444444444444
454544444444444544555555444444
554445445554554445444444444444
554445445554444445554444444444
454444444554444444555555444444
445444554544444444445555445444
544455455544444444544455444444
544455455544544444444455444444
545445454554545445444444444444
454554444444444444555555444444
554445445554554444444445444444
454444444444455555554445444444
545445454554545444444445444444
544455455544544455444444444444
544545455454444444544545444444
455444444555444444555444444544
445444444444445454555555444444
544545455454444545544444444444
454544444444454444555555444444
445454444444444454555555444444
454544444544444444555555444444
454444444444454544555555444444
544545455454544444444545444444
544455455544444455544444444444
444554555444444444444555445444
445454444454444444555555444444
554445445554444444554445444444
454444454544444444555555444444
544444444444554444555555444444
454444444545444444555555444444
544444545444444444555555444444
454444444444444545555555444444
544444444444545444555555444444
454544454444444444555555444444
545445454554444445545444444444
545444444444444544555555444444
545444444454444444555555444444
444554544444444444555555444444
554444444444544444555555444444
544444554444444444555555444444
544444444444444554555555444444
445545444444444444555555444444
445444444545444444555555444444
454545444444444444555555444444
455444444445444444555555444444
545444444444544444555555444444
545454444444444444555555444444
545544444444444444555555444444
444554444444544444555555444444
455444444444444445555555444444
455445444444444444555555444444
545444544444444444555555444444
544444444554444444555555444444
445444444455444444555555444444
544444444444555554554445444444
445444444444444455555555444444
554444444444444454555555444444
554444444444444544555555444444
454444444444455555544455444444
545444444544444444555555444444
445444444444444545555555444444
544554444444444444555555444444
545444444555444444555444444544
454444444455444444555555444444
554444544444444444555555444444
545444444444444454555555444444
454455444444444444555555444444
445455444444444444555555444444
445444554454444444445555445444
454444454445444444555555444444
554544444444444444555555444444
445445445444444444555555444444
554444444544444444555555444444
544544444544444444555555444444
445445444444445444555555444444
454444444444454454555555444444
554444444454444444555555444444
554454444444444444555555444444
445444444444445445555555444444
454454444444454444555555444444
454444444444444455555555444444
454444454454444444555555444444
454454444444444454555555444444
544444444444544544555555444444
454445444444454444555555444444
454444444444454445555555444444
544444444444555554544455444444
454445454444444444555555444444
445554444444445554554445444444
544544444444444544555555444444
544444544445444444555555444444
445444445445444444555555444444
544454444454444444555555444444
544444444444545555555444444444
544444444444544454555555444444
544454444444444454555555444444
544444544454444444555555444444
554445444444444444555555444444
454454444454444444555555444444
554444444444555544444555444444
454454454444444444555555444444
544444444444555545544455444444
455544444444455544544455444444
544454544444444444555555444444
544444444444544445555555444444
445445444445444444555555444444
544444544544444444555555444444
544445444444444445555555444444
544444444444444455555555444444
555444444444555444444555444444
444555444444555444444555444444
554444444444444445555555444444
544444444545444444555555444444
454445444445444444555555444444
544544544444444444555555444444
444555444444444555555444444444
544445444444544444555555444444
544444444455444444555555444444
544444444444444545555555444444
545444444444444445555555444444
544454444444544444555555444444
454445444444444445555555444444
544545444444444444555555444444
555444444444444555555444444444
544455444444555555444444444444
544454444444545554554445444444
455444444444455554554445444444
454445444444454555555444444444
544444444444554555555444444444
554445444444555555444444444444
554444444445444444555555444444
544544444444544444555555444444
544455444444444444555555444444
544445444444555445444555444444
545445444444444444555555444444
554444444444555544544455444444
544445544444444444555555444444
544445444445444444555555444444
545444444445444444555555444444
544455444444555444444555444444
544454444444555454444555444444
544445444444544555555444444444
445445444444444445555555444444
554445444444444555555444444444
544444444444555455444555444444
444554444444455554544455444444
455444444444455545544455444444
544444444444555554444555444444
554444444444555445444555444444
545444444444545554554445444444
544444444444555545444555444444
454444444444455555555444444444
455444444444455554544455444444
444554444444455554554445444444
544444444444545555554445444444
544455444444444555555444444444
554444444444555454444555444444
454445444444455545544455444444
444554444444545554554445444444
554445444444555444444555444444
445444444555444444555444444554
454444545555454544444444444544
454444545555444444454544444544
445444554555444444445544444544
445444554555445544444444444544
445444554555455444454444444444
445444554555444444445454444454
454444545555444444454454444454
445444554555455444444444454444
445444554555445454444444444454
454444545555454454444444444454
445444554555454444455444444444
445444554555444444455444454444
445444454555444444555444454444
454444445555444444555444454444
454444445555444444554444455444
445444454555455444554444444444
445444554554444445445554444444
454444445555554444444444455444
454444445555554444455444444444
454444545554454445444444444554
454444545554454445444554444444
454444545554444445454554444444
