555555444555555444554555554555
454555554555555444554555545555
554555554555555444444555555555
455555544555555444554555554555
545555554555555444554555454555
555455555455444555555455555544
555455555455444555555445555554
445555554555555444554555554555
554555554555555444544555455555
555554555445444555555455555455
555544555455444555555455555455
554555554555555444554555445555
555454555455444555555455555545
555545555455444555555455555454
555555555444444555555455555455
555455555455444555555444555555
555455554455545455455545555554
554555454555555444554555545555
555545555454444555555455555455
545555454555555444554555554555
555455555454444555555455555545
554555554455554545545554455555
554555554455554545445554555555
555455554455545455455544555555
555554445445554555555455555455
555554444545555455554555554555
555555444544555455554555554555
555555445444554555555455555455
455555545444554555555455555455
455555544544555455554555554555
455555544545555454554555554555
555554455445544555555455555455
555554545445454555555455555455
555555455444544555555455555455
555555444554555445554555554555
555555444545555454554555554555
455555544554555445554555554555
455555544544555455555455555455
555555545444454555555455555455
555554444545555455555455555455
455555545444554555554555554555
555554445445554555554555554555
555555445444554555554555554555
555555444544555455555455555455
555555445445554554554555554555
555554544545455455555455555455
555554454545545455555455555455
455555554544545455555455555455
455555545445554554554555554555
555555544544455455555455555455
555555454544545455555455555455
555554445455554545554555554555
555555445454554545554555554555
455555545454554545554555554555
455555545544554455554555554555
555555445544554455554555554555
455555545455554544554555554555
555554445545554455554555554555
555555445544554455555455555455
555555445455554544554555554555
455555545544554455555455555455
555554445545554455555455555455
555555554544445455555455555455
555554554545445455555455555455
455555545545554454554555554555
555555445545554454554555554555
555555545544454455555455555455
555554545545454455555455555455
555555555445444555555455555454
555555555444554455445555555455
555555555455444555555455555444
555555544555555444554555454555
555555554555555444554555444555
555555545444555455454555555455
555555555454444555555455555445
555555555444544555545555445555
555555545554454455555455555445
555555545555555444544555445555
555555545554555445544555445555
555555544555545445445554555555
555555555445544545455545555554
555555555444544555455545555545
555555555445544545455544555555
555555544555545444545555455555
555555555444444545555555555545
555555555444444555555545555545
555555555444544545455555555545
555555545554545445544555455555
555555555444554545445555555545
555555555444554545545555455545
555555544555545445545554455555
555555555555545444544555445555
555555545544555545555445454555
555555544555545444445555555555
555555555445444545555544555555
555555545555545444544555455555
555555555445444545555545555554
555555554454554545544555455555
555555554454554545554555445555
555555554444545455455555555455
555555554544554455544555455555
555555554455445455555445555554
555555554544554455554555445555
555555555455544545545554445555
555555554544555455554555444555
555555554444445455555555555455
555555554455554544544555455555
555555545555454545555445555544
555555554444445555555455555455
555555554454445455555455555545
555555554444545555455545555545
555555544554555445554555454555
555555555444554555545554455554
555555554444545545455555555545
555555555444544555455554555554
555555555454544545545555445555
555555554455445455555455555544
555555554555545445455545555544
555555555445544554545555445555
555555544555455445555545555544
555555555444554554545555455554
555555555444454555445555455555
555555545445454555555455555454
555555555444444555555554555554
555555555444554555445554555554
555555555444444554555555555554
555555554455554544554555445555
555555555444554554445555555554
555555545444454455555555555455
555555554545554454554555445555
555555554554555445554555444555
555555555444544554455555555554
555555554545554454544555455555
555555554444445545555555555545
555555545454454555555455555445
555555554555445445555545555544
555555545544555455544555445555
555555555455544544545555445555
555555545454454455555455555545
555555545444554555554555454555
555555545455454455555455555544
555555545544555455555455454455
555555545455454455555445555554
555555545544545455544555455555
555555554544555455555455445455
555555554444445555555545555545
555555545544555455454455555455
555555545455454555555455555444
555555554545555454554555444555
555555545444544555545555455555
555555545444544555445555555555
555555545554454454555544555555
555555554544555455445455555455
555555545554454555555444555554
555555545445454545555544555555
555555545544454545555445555555
555555545545555454544555445555
555555544554545445445555555555
555555544555455454555544555554
555555544554545445545555455555
555555554555545454455544555554
555555555454454545445555455555
555555545555454454555544555554
555555545554454555555454555544
555555545444454545555555555545
555555545445454545555545555554
555555545554454444555555555554
555555555454544544455555555554
555555545555454554555454555544
555555545545454545555445555554
555555545444454555555545555545
555555555445454554445555455555
555555545544454555555445555545
555555555455454545445554455555
555555544554455455555455555445
555555555454444544555555555554
555555545545454555555445555544
555555554444545554455555555554
555555554444545555455554555554
555555545545545454544555455555
555555555454444544555554555555
555555555454554544445555555554
555555554555545444545555445555
555555555454554544545554455555
555555545445554554554555454555
555555555454554544545555455554
555555555454554544445554555555
555555555455444545555545555544
555555545445544554545555455555
555555555454544544455554555555
555555545455544545445554555555
555555554544545445455555555545
555555545455544545545554455555
555555554444545555545555445555
555555554555545445545554445555
555555554444445555555554555554
555555545454544545545555455555
555555555455544545455545555544
555555554545545445455544555555
555555545454544545445555555555
555555554444445554555555555554
555555545445544554445555555555
555555554545545445455545555554
555555545444454554555555555554
555555545455544544545555455555
555555554544545445455545555555
555555555455454544445555455555
555555554544445445555545555555
555555545544454445555555555545
555555554545445445555544555555
555555545455544544445555555555
555555554554445455555455555445
555555545444454555555554555554
555555545454554545554555454555
555555554555445454555544555554
555555554545445445555545555554
555555554544445445555555555545
555555545544554455554555454555
555555554544545454455554555555
555555554445545554545555445555
555555554455545545455545555544
555555554554545454455544555555
555555554544545454455555555554
555555554455545545545554445555
555555544555455455455544455555
555555544554455454555544555555
555555554454545544455555555554
555555554454545544455554555555
555555554454545545545555445555
555555545455554544554555454555
555555545555454455455545455554
555555545555454455455544455555
555555554545445455555455555454
555555545545454455555455555454
555555555445554554545554455554
555555544555455445455554455555
555555554544445454555554555555
555555545555454444455555455555
555555555445554554445554555554
555555555445544554455554555554
555555554554545444455555555554
555555545555454445455554455555
555555544555455444455555455555
555555545554454445455555455555
555555555445444554555554555554
555555545544454454555554555555
555555545454454544555555555554
555555545544454454555555555554
555555554455445545555545555544
555555554554445444555555555554
555555544555455455455545455554
555555545454454544555554555555
555555554455545544545555445555
555555554454445544555555555554
555555544554455444555555555554
555555554544445454555555555554
555555545545554454554555454555
555555554554445454555544555555
555555554454445544555554555555
555555554544545455545555445555
555555554545545454545555445555
555555554445545554455554555554
555555545455454545555545555544
555555554554545445545555445555
555555554555445455455545455554
555555554555445444455555455555
555555555455444544555554555554
555555554444445555455555455555
555555554555445455455544455555
555555554555445445455554455555
555555545444454555455555455555
555555544554455445455555455555
555555555455544544455554555554
555555554445445554555554555554
555555545445454554555554555554
555555554454445545455555455555
555555554455445545455554455555
555555545454454545455555455555
555555554554445445455555455555
555555545544454455455555455555
555555554544445455455555455555
555555554545545454455554555554
555555554445445554455555455555
555555554455545544455554555554
555555545455454545455554455555
555555545445454554455555455555
555555545455454544455555455555
555555545545454454555554555554
555555545455454544555554555554
555555554545445454455555455555
555555554545445454555554555554
555555554455445544555554555554
555555554455445544455555455555
555555545545454454455555455555
555555554555444444554555555555
555555555455444444555455555555
555555545555444444545555555555
555555554555554555444444555555
555555555555555554444444555554
555555545555545555444444555555
