444444444554444445555445444555
444444455444544444544555555444
444444554555545445544445444444
444444555455544545544445444444
444444445444554444544555555444
444444554555455445454445444444
444444555455454545454445444444
444444554555545454544454444444
444444545555554444555444444444
444444444544444455555445444555
444444555455544554544454444444
444444555545444455444555444444
444444544555555454544454444444
444444544445544555555445444444
444444454445454555555445444444
444444555445454555454445444444
444444555445544555544445444444
444444554555445545444455444444
444444544454555454544555444444
444444544445555445544555444444
444444555455545544554444444444
444444544555555445544445444444
444444545545555454554444444444
444444545545454555444455444444
444444545554554445555444444444
444444455545544455444555444444
455554544445455554444444444444
544445444444555445544555444444
455444444554444444555555444444
455444444444444554555555444444
544445444444544555555445444444
544454444444555454544555444444
455554444444444444555555444444
455544454455445544554444444444
454445444444454555555445444444
455544554455445544454444444444
544544445444544555455544444444
455544554455444444445544454444
455544554455445544444444454444
454555445444454555544444444444
455544444444444544555555444444
455544444544444444555555444444
555544444455555544444444444444
455545544454455545444444444444
455544454444444444555555444444
545554454445545554444444444444
454555545444444555454444444444
455544444444454444555555444444
454555545444454555444444444444
555454444545555454444444444444
544444555444444444555555444444
454555444444444444555555444444
545444444554444444555555444444
455444444545444444555555444444
455444444444444545555555444444
555544444444444444555555444444
545444444444444554555555444444
545554444444444444555555444444
455444455444444444555555444444
455545444444444444555555444444
455444444444455444555555444444
455455544544455444444455444444
455455544544444444455455444444
455455544544455455444444444444
455455544544444455455444444444
455454554544445454454445444444
455454454545445454554444444444
554444444444444554555555444444
455455444444444444555555444444
455444444444444455555555444444
455444444455444444555555444444
455445454554445445554444444444
554444444554444444555555444444
455445454554445444554445444444
544554455454444544544455444444
544554455454544544444455444444
455454554545444444445454454444
545454544545445454554444444444
545454554544445454544445444444
455454554545445454454444444444
554454545544454454544445444444
455454554545445454444444454444
545445544554445445554444444444
545445544554445444554445444444
455445554554445445444444454444
544545455445444544544455444444
544554455455444444544544444454
455445554554444444445445454444
544554455455544544444444444454
455445554554445445454444444444
544545455445544544444455444444
544554455455444544544454444444
455445554554445444454445444444
554444554444444444555555444444
544555455444444555544444444444
544555455444544555444444444444
554444444444554444555555444444
544554455455544544444454444444
545444444444545444555555444444
545444545444444444555555444444
545544554455445544544444444444
545454554545444444445454544444
554454545545454454544444444444
545454554545445454444444544444
545544554455445544444444544444
545454554545445444544454444444
554544545455444444454544544444
554544545455454544444444544444
554544545455454544544444444444
455454444444454444555555444444
545454554545445454544444444444
554454545545454454444444544444
545544444444444544555555444444
545544554455444444445544544444
554454545545454444544454444444
554454545545444444454454544444
455454444454444444555555444444
544444444555444444555555444444
455444454445444444555555444444
544555444444444444555555444444
545544444544444444555555444444
544544545455554444445544444444
544455455545444444544454444445
455445454444444444555555444444
455454444444444454555555444444
554445545554454444544445444444
544545455455544544444444444445
544545455455444544544445444444
455445444444454444555555444444
544554444454444444555555444444
554445545554444444454445544444
554445545554454445544444444444
544454444554444444555555444444
544455455545444454544445444444
544545455455444444544544444445
544554444444444454555555444444
544455455545544454444445444444
545445554554445445544444444444
544545455455544544444445444444
544455455545544454444444444445
545445554554445444544445444444
544454444444444554555555444444
455444444555444444555544444544
455444444444454445555555444444
554445545554454445444444544444
545445554554444444445445544444
545445554554445445444444544444
544444444444545544555555444444
545454444444444454555555444444
554545445454554444444545444444
554544444544444444555555444444
544444545544444444555555444444
545545454454545444444545444444
545545454454545545444444444444
545545454454444444545545444444
554545445454444545554444444444
545455454544444455545444444444
554544444444444544555555444444
545455454544545444444455444444
554455445544444455554444444444
545544444444544444555555444444
545545454454444545545444444444
545544544444444444555555444444
545444544454444444555555444444
554455445544554455444444444444
545455454544444444545455444444
554545445454444444554545444444
545444444444544454555555444444
545454444444544444555555444444
544444545454444444555555444444
544544444444444454555555444454
545454444454444444555555444444
544444444444545454555555444444
544454545444444444555555444444
545455454544545455444444444444
554544544444444444555555444444
554444445555555544444444444444
554455445544554444444455444444
554455445544444444554455444444
554454444444544444555555444444
544454444444554444555555444444
545454544444444444555555444444
554544444444544444555555444444
554444544454444444555555444444
544444554454444444555555444444
544454554444444444555555444444
544444444444554454555555444444
544444554544444444555555444444
554454544444444444555555444444
554444444444544454555555444444
544454444444545444555555444444
544444444444554544555555444444
545444444555444444555544444544
554454444454444444555555444444
544445554444444444555555444444
455445444445444444555555444444
544554544444444444555555444444
545445444444544444555555444444
544445444455444444555555444444
545444544445444444555555444444
544554444444544444555555444444
544445444444444455555555444444
455445444444444445555555444444
545445544444444444555555444444
544444444444544554555555444444
545444444455444444555555444444
545444444444444545555555444444
544444444444545445555555444444
554444544445444444555555444444
554545444444444444555555444444
545545444444444444555555444444
554444444444444545555555444444
544455444445444444555555444444
545444444545444444555555444444
554455444444444444555555444444
545444444444544445555555444444
544455444444444445555555444444
554444444444544445555555444444
544544544544444444555555444444
545444444444444455555555444444
554445444444544444555555444444
544445444444545444555555444444
544444554445444444555555444444
554444444455444444555555444444
545455444444444444555555444444
554445544444444444555555444444
544545444444444445555555444444
544445444545444444555555444444
544445444444444545555555444444
554454444444444454555555444444
544445545444444444555555444444
544444444444554445555555444444
544454444444544454555555444444
554444444444444455555555444444
544545444445444444555555444444
544444545445444444555555444444
554444444545444444555555444444
544454544454444444555555444444
544445444444554444555555444444
544444544455444444555555444444
544544444444544544555555444444
544444444444544545555555444444
544455544444444444555555444444
544545444444544444555555444444
554445444444444445555555444444
545445444445444444555555444444
544445544445444444555555444444
455444544555444444455544444544
544445444444544445555555444444
544545544444444444555555444444
544455444444544444555555444444
554445444445444444555555444444
544444544545444444555555444444
545445444444444445555555444444
544444444444544455555555444444
544444444444444555555555444444
544444444444555444555555444444
554444445555554544444444444544
455444444555444444555444444554
545444444555444444555444444554
554444445555444444554544444544
545444454555444444545544444544
545444454555545544444444444544
455444544555444444455454444454
545444454555545454444444444454
455444544555455454444444444454
545444454555444444545454444454
554444445555554454444444444454
554444445555444444554454444454
544544455455444454544554444444
544544455455444554544454444444
544544455455444444544554444454
544544455455544454444554444444
544454455554444444544455444544
544544455454444444544555444454
544544455455544554444444444454
544544455455544554444454444444
455444454555444444555444445444
545444544555444444555444445444
544445545554554444445445444444
544454545545554444445454444444
544445455545544455444444444544
544445545554554445444444445444
544445545554554445445444444444
544445455545444455544544444444
544445455545544455444544444444
544454455544444444544555444454
544454455544444444544455444554
544544455454544554444455444444
544544455454444554544455444444
455444544554444445455554444444
545444454554444445545554444444
455444444555555444455444444444
455444444555555444444444455444
544454455544444455544554444444
544454455544544455444554444444
544454455544544455444444444554
554444445554444445554554444444
554444445554554445444554444444
554444445554554445444444444554
