555445555445444555555445555554
555445555445444555555444555555
555554555445444555555445555445
555555444555555444544555544555
555555555444444555555445555445
555455544555544455455545555544
555555455554544445544555555445
555544455545544455555455544555
555445544555544445455554555555
555445454555554445545554545555
555445554555554445545554445555
555545455545544455555454544555
555545455545544455544555555454
555555455554544445555445544555
555454544555544455455545555545
555544455545544455544555555455
555554445445554555554455554455
555554445445554455554555554455
555555445444554555554455554455
555554444545554455555455554455
555445554555554445445554555554
555455544555544455455545455554
555554445445545455544555555455
555455544555544455455544455555
555554444545554545555445554555
555555444544555455544555544555
555555444544555455554455554455
555555445444554455554555554455
555454544555545455545455455545
555455544555545455445444555555
555455544555545455445455555544
555455544555545455545444455555
555554444545555455554455554455
555544445455545455544555555455
555455544555545455545445455554
554555555445554545544545455554
555555444544554455555455554455
555454544555545455445455555545
555554445554554445555445554555
555545445455545455544555555454
554555555445554545554545445554
554555555445554545444545555554
555555445444545455544555555455
554555555445554545554544445555
555445554555554445545554455554
555455544555545455545455455544
555554444545555455544555544555
555455555445444555555445555544
555454555445444555555445555545
554555555445554545544544455555
555455544555545455445445555554
555555444544554545555445554555
555554445554554445554555555445
555554445445554555555445555445
555555445444554555555445555445
555554544445454555555445555545
555555444545555454544555544555
555555555444444555555454555454
555454555454444555555444555555
555555444555555444454555454555
555555455444544555555445555445
555554455445544555555445555445
555555444554555445544555544555
555554544445454555555445555554
555445554555544445545554455555
555554444455555545555445544555
555555444454555545555445544555
555545455544544455555455544555
555445554555544445445554555555
555455544555544445455544555555
555544555455444555555455555444
555444555454444555555455555545
555555454444545555544555555445
555554454445545555544555555445
555454555454444555555445555545
555555545444454555555445555445
555544555444444555555455555455
555455544555544445455545555554
555455555455444555555444555544
555545455544544455544555555455
555454555455444555555445555544
555544555445444555555455555454
555554545445454555555445555445
555454554555545445455545555445
555445555455444555555454555544
555545555455444555555454555444
555544555454444555555455555445
555545445454545455544555555455
555545555445444555555454555454
555455554455545455455544555544
555444555455444555555455555544
555554555444444555555445555545
555545555445444555555444555554
555554444455555545554445554555
555454455545544455555455544555
555555454444545555544455555455
555454554455545455455545555544
555454554454545455455545555545
555554555445444555555445555544
555554454445545555544455555455
555544555445444555555445555554
555455554555544455455545555444
555455455545544455555454544555
555555444454555545554445554555
555455455545544455544555555454
555554444545555455454555454555
555555454444544555555455544555
555455554555545455455544555444
555554445445554555554445555545
554555555455554545445554444555
555545445554554445554555555445
555545445554554445555445554555
555554444545555455544455545555
555555445444554555555454555454
555554454445544555555445555545
555554454445544555555455544555
555455454555554445545554544555
554555555454544455455545555445
555454455545544455544555555455
554555555455554445545554444555
554555555455544455455545555444
555455455544544455555455544555
555454554555545455455545555444
555555444454555445554555555445
555555444454555445544555545555
555554444545555445554555555445
555555455444544555555454555454
555555545444454555555454555454
555554444455555445554555555445
555555444544555455454555454555
555555444544555455544455545555
555555444554555445454555454555
555554444545555445555445554555
555454554555544455455545555445
554555555455544455455544445555
555555445444544555544555555455
555445554555544445455545555554
555445554555545445455554555544
555555444544555445555445554555
555455555444444555555445555545
555555445444554555554445555545
555555444544555455545455545455
555554445445554555554545554545
555555445444544555555455544555
555455554555554445545554444555
555555445444554545554555554545
555555445444554555554545554545
555444554555545445455545555554
555455455544544455544555555455
555555444545555454454555454555
555554445445544555544555555455
555554445445554555554555555444
555555454444544555555445555545
554555555455544455455545445554
555554554445445555554445555554
555554445444554555554555555445
555555544544545455445455555455
555554445445544555555455544555
555554444545555455555455444555
555555444544545455555455545455
554555555455554545544545455544
554555555455554545444545555544
555445554555545445455544555554
555445554555544445455544555555
555554445445554545554545554555
555554444455555445544555545555
555554445445554545554555554545
555554544545545455445455555455
555455554555554445445554555544
555554445445554555554445555554
555455554555554445545554455544
555455554555545455545445445554
555555445444554555554555555444
554555555455554445445554555544
555554444545555455545455545455
555455554555545455545444445555
555554454445544555555445555554
555555444544555455555455444555
554555555455554445545554455544
555554444454555545555445554555
555555444544555445554555555445
555455554555544455455544555544
555455554555544455455545445554
555555445445554545554544554555
555455554555544455455544445555
555445554555544445455554555554
554555555455544455455544555544
554555555455554445445554445555
555554444545545455555455545455
555554445444554555555445554555
555454554555544455455545555544
555555455444544555544555555445
555455544555544445455554455555
555545555454444555555454555454
555455554555554445445554445555
555555455444544555555445544555
555555444554555445544555555445
555555444554555445555445544555
555554455445544555544555555445
555455555454444555555454555544
555455555454444555555444555554
555554455445544555555445544555
555545544554545455445455555455
555455555445444555555444555554
555454555445444555555445555554
555554455445544455544555555455
555555455444544555544455555455
555554455445544555555455544455
555555455444544555555455544455
555555444554555445554445554555
555554445445554555555445555544
555554455445544555544455555455
555554444544555454554555554555
555555444554555445554555554445
555545555454444555555454555544
555554445444554555555445555545
555555445544554445554555555445
555554445545544455555455544555
555455445554554445554555555445
555554455444544555555445555545
555455554555545445455554555444
554555555455544545455554444555
555555445454554445554555555445
555455445554554445555445554555
555554445545554445554555555445
554555555455544545445554445555
555555445544544455555455544555
555554444554555445555445554555
555554455445544555555445555544
555554545444454555555445555545
555554444554555445554555555445
555455554555545445455544555544
555554454545544455555455544555
555554545445454555555445555544
555554445455554445554555555445
555454554555545445455545555544
554555555455544445455554555544
555455554555544445445554455555
555455554555544445455544555554
555455554555544445455554445555
554555555455544445445554455555
555555454544544455555455544555
554555555455454545445554445555
555455554555545454455544555544
555554444545455455555455455455
554555555455544445455554445555
555455554555544445455554555544
555555445444554554554555554554
555555444544555455455455455455
555454554555544445455545555554
555554445444554555554555554554
555554444545555455455455455455
555554445444554555554554554555
555555445444554555554554554554
555555444544455455555455455455
554555555455544445455544555554
555445554555445555554444555554
555444554555445555554445555554
555444554555445555554444555555
555554445454554544554555554555
555554445544554454554555554555
555455554544545455544555445555
555455554545545454544555445555
555445444554554555555445554555
555454444545554555555455544555
555445444554555445554555554555
555454444545555455554555544555
555455444545554555555454544555
555445554554445555554445555554
555555445445554554554554554554
555554544545455455455455455455
555555544544455455455455455455
555455444545555454554555544555
555455444544554555555455544555
555455444544555455554555544555
555445544555455554544445555555
555545455445544555555444555554
555455555545444544555445555554
555544455445544555555445555554
555445554555445554554444555555
555445554555445554544445555555
555455455545544544555445555554
555455554555545444544555445555
555455554554545445544555445555
555555455455544544555454555544
555555455455544544555445555544
555445444555555444554555554555
554555555455444545555445555544
555555554554445445454555445555
555555554554445445544555445555
555455444555555444554555544555
555455444554555445554555544555
555545455454544555555454555544
555455544555455544544445555555
555455544455455545555554544455
555455544455455544555555544455
555455544555455544544455555455
555455555455444444555455555455
555454554554545545455445554555
555454554554445545555445554555
