444555555445454545454544454555
454555454544454545555445444555
555454445454545454544555555444
555444544555545454445454555454
455544544545544545555445444555
455544444545544545555445544555
445444545554545445544555555445
544555555445544545444545455544
445555544544544545555445444555
544555555445544545455545444544
444555555445544545544545455544
445554545444545445544555555445
544555555454544454455544445554
444544455545544545555445544555
555445544555545445545554445444
555445544555545445545444445554
555444544555545454445454555544
455544445554454445454555555445
555444544555545445545445445554
555454544555544454455544445554
445554545445545445544555555444
555544445445545445544555555444
455544545445545445544555555444
444555555445544545544544445555
444555555445544545544545445554
445554544545544545555445444555
555444544555545445545445455544
555544445454545454544555555444
445554455544544454555454544555
445554455544544454544555555454
555444544555545454545454455544
445555454544454545555445444555
455544545554544445555445444555
555445454555454445445554455544
444555555445454545454544445555
445554454545454545555445444555
455544445554454445555445454555
454555555445454445445554455544
555445454555454445445554555444
545444445554545445544555555445
555444544555545445445445555544
544555555445544445445554555444
555454544555544454455544444555
444555455544544454544555555454
454555555445454445445554555444
445554445554454445555445454555
555444544555544445455545445554
555444445554454445454555555445
455544445554544445555445544555
444555455544544445544555555445
444555555445454545454545445554
545554445444545445544555555445
455544455544544454544555555454
544555555454544454455544444555
555445454555454445445554445554
455545444544544545555445544555
444545455544544545555445544555
555454544555544454455544455544
455544545454545454544555555444
555444445554454445555445454555
555554444544555454544454544555
555445544555544445455544444555
445554445554454445454555555445
555444445554544445555445544555
445554455544544445544555555445
444555455544544454555454544555
555445544555544445455544445554
454555555445454445445554445554
445554455545544445544555555444
455545544544544545555445444555
545554445445545445544555555444
544555555445544445445554455544
555554445444544555555454544454
555554444544555454544555544454
544555555454544454455544455544
455555445444454555454445555445
455544455544544454555454544555
444555555445544445545554455544
555554444545555445454555454444
455555545444544555555454444454
555554454444544555555454544454
455555554444544555555454444454
555554444544555445544555544445
455555444454555445454555454445
455555445444454555555445454445
455555445444544555555454544454
455555444544555445454555454445
555554444544555445454555454445
455555445444544555555445544445
555554444454555445544555544445
555554444454555445454555454445
555554444455555445454555454444
455555454444544555555454544454
555445445454545454544555555444
455555454444544555555445544445
544555454544454545555445444555
455445444555555445555444444555
544554555444544555444555555444
454555544544544545555445444555
555454445445545445544555555444
455555544544555454544454445554
555554445445454555454445455544
555554445444454555454445455545
555554445444454555454445555445
555554445444544555555445544445
455555444544555454544454544555
555554445445454445454555555444
455555444544555445544555544445
455555444544555454544454545554
555554445445454555555445454444
555554454444544555555445544445
555554445444454555555445454445
455555544544544454555454444555
455555444544555454544555544454
455555544544555454544555444454
455555444454555445544555544445
454554555444454555444555555444
455454444555555454555444444555
544554544455555445444555555444
455454545454544555555444444555
454554454455555445444555555444
455445545445544555555444444555
455454554454544555555444444555
544554544454555445444555555445
455445445445544555555444544555
454554454544555445444555555445
544454544554555445444555555445
544554544545555445444555555444
454554454454555445444555555445
455454445454544555555444544555
454445455445544555555444544555
544554544544555445444555555445
455454454454544555555444544555
454554454545555445444555555444
455445454445544555555444544555
455445554445544555555444444555
444554555444555445444555555445
455445454445445555554444555554
455444445554544555555444544555
455444544555544555555444444555
444554455545555445444555555444
455444455544544555555444544555
444554445554555445444555555445
544554544454555544444455455555
455444444555544555555444544555
444554555445555445444555555444
444554455544555445444555555445
455444545554544555555444444555
455444455555544544555444544555
444554555554445445444555555445
554555455445454445445554555444
555455544554544454455544444555
544555544454555544444454455555
444555555454455544444454555554
544554555454544454455544455545
455445454555454445445554545554
555445454445445555454444555554
545554544454555544444454455555
454445545455544555555444444555
555444454555445554454444455555
554554555445454445445555455444
455445545554544555555444444554
544554455545555445444555455444
454554445554555445444555545445
445554544454555544544454455555
544554445554555445444555455445
554554544544555445444555545445
455455445445544555555444544545
455544454445445555454445555554
455545454445445555454444555554
455455544555544454555544444554
455445445554544555555444544554
455445455544544555555444544554
554554544454555445444555545445
454445445545544555555444544555
455455454445544555555444544545
455455554445544555555444444545
554554544445555445444555555444
454445445455544555555444544555
544454554544555445444555555445
454445545545544555555444444555
554554454454555445444555455445
544454545544555445444555555445
455455545454544555555444444554
455455454454544555555444544554
455545544445544555555444444555
544554455544555445444555455445
455455554454544555555444444554
554554454545555445444555455444
455455445454544555555444544554
554554544455555445444555545444
554554544545555445444555545444
455455545445544555555444444545
455454455544544555555444544545
545444544554445555554444555554
545554544445555445444555555444
554554454544555445444555455445
455455544445544555555444444555
544454554545555445444555555444
544454545545555445444555555444
554554454455555445444555455444
444545455445555544444455455555
455444454554445555554444555554
455444444555555444454555454555
444554555444444555555454555454
444554455454555544444455455555
555444454554445555454444555554
444555455454555544444454455555
455455455544544555555444544544
554554445554555445444555445445
444554555444444555555445555445
455444544555555444544555444555
444554555445444555555445555444
455444444555555444544555544555
554555555445544545444544455544
455445444554555444544555545554
554555555445544545455544444544
455445544554555444544555445554
544554455444444555555445455545
544554455445444555555445455544
455455544544555444544555455544
554554445445444555555445445554
554555544555444444545444555554
555455555454444444444554555554
555455555454444444444554455555
455555455444444444454555554555
555554455444444444454555554555
555455555445444444444545455555
554555454555444444455444455555
555455455455454455444444454555
555554545444444444544555554555
455555444545444444555445555455
555554444554444444555454555455
455555444444455554544444555555
455555444554444444555454555455
555555544444455554444444455555
555555444445455554444444555554
555555444444455555444444455555
555554444444455554444445555555
555555444444555554444444555554
445555444444445455455455555455
454555444444454455455455555455
554555554454554454444444555554
555454444444554454554554554555
554555454555444444455444555554
554555554554554544444444555544
554555554544554544444444555554
455555444444445455445455555455
555554444444554544554544554555
555554444444554454554454554555
555544444444554544554554554555
455555444444454455454455555455
555455455455445455444444445555
555554444444555554444444555555
555455454455454455444444455555
554555554554554454444444555454
455555444444455555444444555555
555455445455445455444444455555
555444444555555445555445444554
554555554454444444554454555554
555455454455444444454455455555
455555455455444444454455554455
554455554454444444554554555554
455555454455444444454455555455
555554554554444444554454554455
555554554454444444554454554555
554455454455444444455455455555
455555445455444444445455555455
455555455455444444445455545455
554555554544444444554544555554
555455445455444444445455455555
545455445455444444455455455555
555554554544444444554544554555
555554554554444444554544554545
554545554544444444554554555554
554555554554554454444444455455
554555555455544445444444545545
554555555454455454444444455554
554555555455454445444444455545
554555555454545454444444545554
554555555455544454444444545554
555554444444555454544454545555
554555555445544445444444545555
554555554545554544444444455554
554555554554554544444444455545
554555555445454445444444455555
554555555454544454444444545555
555554444444555455544455544455
555554444444554555554445554445
555555444444555554444444455555
554555555454544454444444555554
555554444445455555444444455555
555554444444555454544454554555
555554444444555554544444455555
555554544455444444544455555455
555554544455444444555455544455
455444454554445545455445554555
444554455454545544544554555455
444555455454545544544554555454
555444454554445545455445454555
