555455544555544455455544555555
455555545554554445554555555445
555555445554554445554555555445
555455544555544455455545555554
455555545554554445555445554555
555445554555554445445554555555
555555455544544455544555555455
554555555445554445545554455555
555554455545544455555455544555
554555555445554445445554555555
555555455544544455555455544555
544555555455544455455545555554
544555555455544455455544555555
555554455545544455544555555455
555555445554554445555445554555
555445554555554445545554455555
555544555454444555555455555545
445555554555555444554555445555
445555454555555444554555545555
555544555455444555555455555544
455555544555555444544555455555
545555554555555444454555445555
555554555445444555555445555554
555545555455444555555454555544
455555545444554555554555555445
555454554555544455455545555545
455555545444554555555445554555
555554444455555545555445554555
455555554444545555544555555455
555555444454555545555445554555
555554444545555455555455544555
544555555455544445455554555555
555554454445545555544555555455
555555445444554555555445554555
454555555455554445545554545555
554555555454544455455545555545
555555454444545555544555555455
555445554555545445455554555554
555554444545555455544555555455
555455555455444555555455555444
555554445445554555555445554555
554555555455544455455545555544
455555544544555455555455544555
555555445444554555554555555445
555445554555544445455554555555
555455454555554445545554545555
454555555455554545545554445555
555455554555554445545554445555
555554445445554555554555555445
554555555455554445545554445555
544555555455544545455554455555
555454554555545455455545555544
544555554555555444554555454555
555555444544555455544555555455
555555444544555455555455544555
455555544544555455544555555455
555455554555544455455545555544
555454555455444555555455555445
555444555455444555555455555455
455555544454555545555445554555
454555554555555444554555544555
555455554555545455455544555544
554555554555555444554555444555
444555554555555444554555554555
555455544555544445455554555555
554555555445544445455554555555
554555555455554545445554445555
555445555455444555555455555454
544555454555555444554555554555
555455555454444555555455555445
555445555454444555555455555455
554555544555555444554555454555
554555454555555444554555544555
555455555445444555555455555454
454555544555555444554555554555
555454555445444555555455555455
555554445445554455555455555455
455555544544554455554555554555
555555444554555445554555555445
555554455445544555544555555455
555554455445544555555455544555
455555544554555445555445554555
455555544544555455544555455555
555555444554555445555445554555
555555455444544555555455544555
555554445445554555555445555554
554555555455544445455544555555
455555544554555445554555555445
555555455444544555544555555455
554555444555555444554555554555
555455555444444555555455555455
455555544545554454554555554555
555554545445454455555455555455
555554455445544555555445555554
455455554555554445545554545555
555455554555544445545554455555
554555555455544445545554455555
455555544554555445544555455555
554555555455544545445554455555
555554545445454555555445555554
554555555455544445455545555554
554555555455544445445554555555
555455554555544445455544555555
555455554555545445455544555554
555455554555544445455545555554
555454554555545445455545555554
454555555455544545545554455555
555455554555545445455554555544
554554555455544455455545555545
455555544545555454544555455555
554555555455544545455554445555
555455554555544445445554555555
555555554444555445444555555555
555555554444555455544555445555
555555545554555445554445454555
555555554444554555445555555445
555555554444555445554555445555
555555554444554455545555445555
555555554444555445544555455555
555555545554554445454555555445
555555545554554445555445454555
555555545554555445554555454445
555555554445555454544555445555
555555554445554454545555445555
555544455455544555555455555544
555445554555445554554445555555
445555554554555445554555445555
445555454554555445554555545555
555544455454544555555455555545
545555554554555445454555445555
544555555455455544544455555555
555555555555554445445554555444
555545455455544555555454555544
555555554555555444444555445555
555555554555554445445554445555
555555554444554555445555445555
555555554555554444445555445555
555555554454554445445555555545
555555554454555545555445444555
555555554454554545445555445555
555555554454555445544555445555
555555554444545555444455555555
555555554444544555445555555455
555555554445554554445555445555
555555554454555445444555555545
555555545555454455555444555544
555555545555454455555544555444
555555554454555445544555455545
555555554454554445545555455545
555555554455544455455545555544
555555554555545455455544555444
555555554555544455455545555444
555555554454544455455545555545
555555554455554445545554445555
555555554454555545544445455555
555555554455554545445554445555
555555545555454445555554555444
555555545555454444555555555444
555555554555545444455555555444
555555554544555455544455445555
555555554444544555455555555445
555555554454554445545555445555
555555554455545455455544555544
555555554444545555455555555444
555555554454555545554445445555
555555554555545445455554555444
555555554445545445455554555554
555555554455555444544555445555
555555554555444555555445555444
555555554455444455555545555544
555555554555444455555445555544
555555554555445455555544555444
555555554555445444555555555444
555555554455554544445555445555
555555554554444555555445555445
555555554454444455555545555545
555555554455445455555544555544
555555554445445445555554555554
555555554555445445555444555554
555555554455554444545555445555
555555554455444555555445555544
555555554555444455555545555444
555555554444445555555555555444
555555554555445455555444555544
555555554555445445555554555444
555555554454444555555445555545
555555554444445555555444555555
555455544555455544544455555555
554555555445445554554445555555
555555554444544555455555445555
555555554444544555445555455555
555555554555544445455554445555
555555545554545445544555445555
555555545555545444544555445555
555555554444545555444555455555
555555554555544455455544445555
555555554444545555455555444555
555555554555544445445554455555
555555554555544455455545445554
555555554544554455445555445555
555555554454445455555455555445
555555554544555455444555445555
555555554554554445445555445555
555555554554555445544445455555
555555554554555445554445445555
555555554445545554444555455555
555555554554555445555445444555
555555554554555445444555445555
555555554445544554455555445555
555555554445445554555555554445
555555554544544455445555555455
555555554445545554455555554445
555555554455544445455545555554
555555554445544554445555455555
555555554455544445455544555555
555555554454544445455555555545
555555554455544445445554555555
555555554455544545455554445555
555555545455454455555544555544
555555554545554454445555445555
555555554554554445445555555445
555555554454544445455545555555
555555554445545554455555444555
555555554454544445445555555555
555555554455544445545554455555
555555554455545445455544555554
555555554454544445545555455555
555555554545555454444555445555
555555554455544545445554455555
555555554445545554455555555444
555555554454544545445555455555
555555545455454555555444555544
555555554455545445455554555544
555555554554544455455545555445
555555545544545455544555445555
555555554554444455555445555545
555555554455544544455555445555
555555554455445445555554555544
555555545545545454544555445555
555555554455544544445555455555
555555554554444455555545555445
555555554445445554555444555555
555555554455445445555544555554
555555554445445554555555555444
555555545545454545555445555544
555555554545545445455545555544
555555545554454554555454555544
555555545554454454555544555554
555555545455544545545554445555
555555554555444455555545445554
555555554544544455445555455555
555555554555444555555444445555
555555554444445555444555555555
555555554555444555555445445554
555555554555444455555544445555
555555555455444444555455555455
555555554444445555555555444555
555555554555444444554555554555
554555554555444444554555555555
555455555455555455444444555555
555555554545445445555545555544
555455555455444444555455555555
554555554555554555444444555555
555555444444554555554555554555
555555554544544455455555445555
555555444444555455555455555455
555555545455544544545555445555
555555554455545444455544555555
555555554455444545555554445555
555555554554544445455555445555
555555554445445554444555555555
555555554454444545445555555555
555555554454444545555555445555
555555554455444545445554555555
555555554554544445455555555445
555555554554544445445555455555
555555545455454445555544555554
555555545455454445555554555544
555555554545544454445555455555
555555554554545454455544555554
555555554455545444455555555544
555555554445445554555555444555
555555554545544454455555445555
555555554544545454455554555554
555555554454545544455554555554
555555554455444544555555445555
555555554455445444555555555544
555555554455445444555544555555
555555554455444544445555555555
555555554454445544555554555554
555555545544454454555554555554
555555554554445454555544555554
555555554544445454555554555554
555555554544444455445555555555
555555554544444455555555445555
555555545455454444555555555544
555555554545444454445555555555
555555554545444454555555445555
555555545555444444545555545555
555555554445444444555555555555
