555544555445444555555445555445
555445555445444555555445555544
555545555445444555555445555444
555554455545544445544555555445
555555455544544454544555555454
555555445554544445555445544555
555555455544544445544555555445
555544455544544455544555555455
555445554555554445545554444555
555454544555544454455544555555
555455544555544455455545555444
555455544555544455455544555544
555555445554454445555445454555
555544455545544455544555555454
555455544555544455455545455544
555445554555554445445554445555
555454544555544455455545555544
555555455544544454555454544555
555554455554544445544555555445
555445554555554445545554445554
555454544555544455455545455545
555454544555544455455545555445
555554455554544445555445544555
555544455544544455555455544555
555555445554454445454555555445
555554544445454555555445555445
555455445455545455544555555444
555554555444444555555445555445
555445555445444555555444555554
555554445554545445544555555445
555544445554554445555445554555
555454445455545455544555555445
555455544555545455545444445555
555445554555554445545554455544
555455544555544455455544445555
555445555444444555555445555545
555455555445444555555445555444
555554555445444555555445555444
555544445554554445554555555445
555455544555544455455545445554
555454544555545455445455555445
555545555444444555555445555445
555445554555554445445554555544
555544444545554545555445554555
555554444455555445554555554445
555554454445544555555455544455
555445554555554445445554545554
555555444454555445554555554445
555555444454555445544555544555
555454555455444555555445555444
555455544555545455545445445554
555454555445444555555445555445
555554445445554555554445555445
555445555455444555555454555444
555554445445554445554555555445
555555445444554555554445555445
555554454445545555544445555545
555554445445544555555445544555
555555445444554555555445554445
555554454445544555555445555445
555554454444545555544555555454
555555444454555545544445545555
555554444545555455544555544455
555445555445444555555454555454
555555454444544555555455544455
555555454444544555555445544555
555455544555544455455544455545
555554444455555545544445545555
555545455554544445544555555445
555454544555544445455545555554
555545455554544445555445544555
555555454444544555555445555445
555555444454455545555445454555
555554444545555445544555555445
555555444544555455544555544455
555554454445544555555445544555
555555444544555454555454544555
555554445445454555454555555445
555555444544555445555445544555
555545444544554545555445554555
555554444455555445544555544555
555554445445554555555445554445
555555444544555454544555555454
555554444545555445555445544555
555454555454444555555445555445
555555445444454555454555555445
555555444544555455544455544555
555445554555545445455554555444
555554445445454555555445454555
555554444455555445544555555445
555555454444545555544445555545
555554444455455545555445454555
555555445444544555555445544555
555554544445454555555445555544
555555445444454555555445454555
555554454444545555544555555445
555455445454545455544555555445
555555444544555445544555555445
555555445444544555544555555445
555455445445545455544555555454
555455544555544454455544555554
555554544445455555544445555554
555554454445544555555445545554
555545455545544454555454544555
555454555454444555555444555554
555555444454555545555445444555
555545455545544454544555555454
555554444545555455544455544555
555555454444545554544555555454
555454555454444555555454555544
555455544555544445455545455554
555555444454555445544555555445
555554454445545555544445555554
555454445445545455544555555455
555554445445544555544555555445
555554444454555545555445544555
555555454444545555544555555444
555554454445545555544555555444
555455544555544445455544455555
555554555444444555555454555454
555454554454545455455545555445
555455554455545455455544555444
555455544555544445455544555554
555544555454444555555454555454
555455544555544445455554555544
555544555444444555555445555545
555554444455555545555445444555
555454554455545455455545555444
555545555445444555555444555544
555544555445444555555445555544
555445554555545445455544555544
555555445444544555555455544455
555455544555545445445554555544
555554444454555545554445554555
555554445445544555555445545554
555544544554545455445455555545
555555444544555445554555554445
555544555454444555555454555544
555455555444444555555445555445
555554445444554555555454555454
555544544554545455545455455545
555554444545555445554555554445
555544445544545455544555555455
555554455445544555555445555444
555445554555545445545554445554
555455554555544455455544444555
555455554555554445445554555444
555554455444544555555454555454
555455544555545445545554455544
555554445445454555555445455554
555554445444554555555445555445
555544445545545455544555555454
555554545444454555555454555454
555554445445544555555455544455
555455554455545455545445445554
555554554445445555544445555554
555454555445444555555445555544
555554454444544555555445555545
555454445554554445554555555445
555554444454555445554555555445
555554455445444555555445455554
555554454445544555555445555544
555454554555545454455544555544
555454555444444555555445555545
555455554555544455455544555444
555455555445444555555444555544
555554444544555445554555555445
555554444455555445554555555444
555554455444544555555445555445
555554445445554555555445555444
555455544555544445455554445555
555454554555544455455545555444
555454445554554445555445554555
555554545445454555555445555444
555554444545555445554555555444
555554455445544555544445555545
555554545444454555555445555445
555554445444554555554555555444
555555455444544555544445555545
555554444544555445555445554555
555455554555554445445554444555
555554445444554555554445555545
555455555454444555555454555444
555555444554555445544445545555
555554445445554555554445555544
555554455444544555544555555454
555455544555544445455554455545
555555444554555445555445444555
555455554555544445545554455544
555555455444544555544555555444
555554455444544555555445544555
555455455554544445555445544555
555554455444544555544555555445
555554455444544555555454544555
555554455445544555544445555554
555554444554555445544555555445
555445555454444555555454555454
555554544454455545555445544555
555554455445544555544555555444
555455544455555544444455455555
555455554555544445455545445554
555554444554555445555445544555
555455455554544445544555555445
555555544454455545555445444555
555455554555544445455544445555
555555454445545554544555555444
555455554555544445445554555544
555554544455455545555445444555
555455555454444555555444555544
555445555454444555555454555544
555545555454444555555454555444
555545445545545454544555555454
555545555444444555555454555454
555554444554555445554555554445
555554444554555445554445554555
555554445544554445554555555445
555454554555544445455545545554
555455554555544445445554455545
555455554555544445455554444555
555455554555544445455544545554
555455554555454445445554445555
555455554555544445455554555444
555554445454554445554555555445
555554445455554445554555555444
555554455455544445544555555445
555555455454544445544555555445
555554445545554445554555555444
555455554555544454455544555544
555555454554544445555445544555
555455555444444555555454555454
555554445444554555554554554554
555455545554454545455445454555
555555545454454545455445454555
555554545455454545455445454555
555555454545545454544554555454
555455444545544555555454544555
555454444545544555555455544555
555454444545555455544555544555
555545455445544555555444555544
555544455445544555555445555544
555544455444544555555445555545
555455444545555454544555544555
555455444544544555555455544555
555544455454544555555454555544
555455444544555455544555544555
555545554445445555554444555554
555454544555455545544445555554
555454544555455544544454555555
555454554445445555554445555554
555455554445445555554444555554
555455444555555455555444444555
555544554445445555554445555554
555455455545544544555445555544
555455555545444544555445555544
555445554555545444544555445555
555455544554455545544454555554
555455444555555444544555544555
555455444554555445544555544555
555455544555455544544454555554
555455544555455544544455554455
555455544555455544554455544455
555455544455455544444555555455
555455544555455544444455555455
555455444555555544444455555455
555455544555455544544455545455
555455444455555544444555555455
555455544555455544545455544455
555555554445444444554555554555
555555544455444444555455555455
555554554554444444554555554555
555455555455444444455455455555
555455555455444444544455555555
555555444444554555554555554445
555555444444555455555455544455
555554444444554554554555554555
555455555455544455444444555555
555455554455554455444444555555
555455555455455455444444455555
555555444444554545554545554555
555555444444555455544455555455
555555444444554455554455554555
555555444444554555554445554555
555555444444455455455455555455
555555444444545455545455555455
555555444444554455554455555455
555455455455455455444444555555
555555444444554445554555554555
555455544455555455444444555555
555555444444544455555455555455
555455545455545455444444555555
555555444444554554554554554555
555455554455444444554455555555
555555554455444444554455554555
555555554455444444554455555455
555555554545444444554545554555
555455545455444444545455555555
555555554554444444554554554555
555555545455444444545455555455
555455455455444444455455555555
555555455455444444455455555455
