555454544555545454545444445555
555544444545544545555445544555
555445544555545445545445445554
555544444545454545555445454555
555445544555545445545445455544
555545445445545445544555555444
555444544555545445545445455545
555445544555545445545444445555
555544445445545445544555555445
555444544555545445445445555545
555454544555545454545454455544
555445544555545445445445555544
555454544555545454445454555544
555444555445444555555445555444
555544445454545454544555555454
555545444544454545555445454555
555545444544544545555445544555
555444544555545445445445555554
555445544555545445445554555444
555445544555545454445454555454
555554445444545445544555555445
555445454555454445445554555544
555445454555454445445554455554
555455445454545454544555555444
555544445554454445555445454555
555544445554544445555445544555
555454544555544454455544445555
555554445445545445544555555444
555445544555544445455554555444
555445544555545445445444555554
555444445554545445544555555445
555544445554454445454555555445
555454544555544454455544455554
555445544555544445455544445555
555444544555545445545445455554
555454544555544454455544555544
555445544555544445455545445554
555445445554544445555445544555
555445544555544445455554445554
555445544555545445545444455554
555445454555454445445554445555
555454445445545445544555555445
555444544555544445455545455554
555544455544544454544555555454
555445445554454445555445454555
555544455544544454555454544555
555445544555544445455544455554
555445544555544445455554455544
555445445554454445454555555445
555445445454545454544555555454
555444455554544445555445544555
555554445444554555554454554454
555455445445545445544555555444
555445454555454445445554545554
555454544555544454455544455545
555445544555544445455554444555
555444455554544445544555555445
555554444454555545544445544555
555555445444544555555454544454
555555444544555445544555544445
555454455544544454544555555454
555554454445544555555445544445
555555444454555445544555544445
555554444455555445544555544445
555555444544555445454555454445
555454455544544454555454544555
555554445445444555555445445554
555555454444544555555454544454
555555445444454555454445555445
555555444544555454544555544454
555554444545555445544555544445
555554445445454445454555555445
555555454444544555555445544445
555554445445544555555445544445
555554445445454555555445454445
555554444545555445454555454445
555555445444544555555445544445
555555445444454555555445454445
555554445445454555454445555445
555444555454444555555454555444
555554444454555545454445454555
555555444454555445454555454445
555554454444545555544454555454
555555444544555454544454544555
555554444455555445454555454445
555454445454545445544555555445
554555555445544545455545444544
555445445455545454544555555444
554555555445544545444545455544
555445445445545454544555555454
555455544555545445545554445444
555454445455545445544555555444
555455544555545445545444445554
555444544555544445455545545554
555555444544555454544454545554
555454544555545445545445445554
555555445444454555454445455545
555454554555544454455544445554
555554444544555454544454545555
555445544555545454445454555544
555454445554454445555445454555
555554445445454555454445455545
555454544555545445445445555544
555445554555545445545554445444
555545445444545454544555555454
555455454555454445445554455544
555545445454545454544555555444
555445544555544445455544545554
555454544555545445545445455544
554555555454544454455544445554
555445455544544454544555555454
554555555454544454455544444555
555444554555545445545445445554
555445544555545454545454455544
555445554555544445455544444555
555455544555544454455544445554
554555555445454445445554455544
555554445444544555544555555444
555454445554454445454555555445
554555555445454445445554445554
555454554555544454455544444555
555554455444544555555454544454
555554444554555445454555454445
555554445444454555454445555545
555454445554544445555445544555
555445554555545445545444445554
555554445445454555454445555544
555554444554555445454445454555
555554444544555445555445444555
555454455544544445544555555445
555445554555544445445554455544
555455544555544445455544445554
555554444544555454555454444555
555554444554555445544555544445
555455454555454445445554555444
555554445445454555454445455554
555454455545544445544555555444
555455544555544445455544444555
555445554555544445445554555444
555444554555544445455545445554
555554445444454555454555555444
555455544555544454455544455544
555445554555454445445554455544
555554455444544555544454555454
554555555445544445445554555444
555554454444545555544445555445
554555555445544445445554455544
555554444454455545555445444555
555445554555544445455544445554
555554444554555445544445544555
555445455544544454555454544555
555544445545545445544555555444
555544445544545445544555555445
555454544555544445455545445554
555445554555454445445554445554
555554445444554555554544554544
555554544454455545454445454555
555544445544545454544555555454
555554445544544454555454544555
555554454544544454555454544555
555554445544454445454555555445
555445444555555445555444444555
555554545445454555454445455544
555554455445544445544555555444
555554455444544555544445555445
555554445545454445454555555444
555554444454555445554555544445
555554455444544555555445544445
555554445455454445454555555444
555554445454454445454555555445
555554545444454555454445455545
555454444555555454555444444555
554555545554445444544555445554
555444544555444555555444545554
555444454555445555454444555554
555444554555445554454444455555
555455455545444544555445455544
555454444544544555555454544555
555444454555445554454444555555
554555545445554445445554555444
555454444544555454544555544555
555455544545544455455544444555
555444454555445555454444455555
555455544544545545545445455544
555455544544545545445445555544
555455454445445555454444555554
555445454554445555454444555554
555454454445445555454445555554
555544454445445555454445555554
555545454445445555454444555554
555445454555445554454444455555
555444454554445555454445555554
555445554554545444544555445554
555444444555555444454555454555
555444444555555444544555544555
555554554554445445454445445555
555554444444554554554555554445
555555545444444444544555554555
554555554445554554444444555554
555555444545444444555445555455
555554444444554554554445554555
555555444554444444555454555455
555554554444444444554555554555
555455555445444444444545555555
555455544455455455444444455555
554555554555444444455444455555
554555554555444444554444555554
555555444444445455445455555455
555555455444444444454555554555
555455555455444444444554555554
555455555455444444455555444455
555455555454444444444554555555
555554444554444444555455555455
554555554445554445444444555555
555555444444555554444444555555
555455555455444444444455455555
555555444444554454554454554555
554555554545554544444444555554
555455555455444455444444455555
554555554555444444555554554444
554555554554554544444444555545
554555554455554454444444555554
555455545455445455444444455555
555554444444554454554455554555
555555444444555455544455544455
555455554455544455444444545555
554555554555554444444444555554
555555444444544455555455544455
555554444444554444554555554555
554555554545554445444444555455
555555444444455555444444555555
555455445455445455444444555555
555455554455454455444444455555
555545444444554544554554554555
555554444444554544554545554555
555555444444554544554544554555
555455455455445455444444545555
555455444444554445554545554555
555555444444454455454455555455
555555444444544455544455555455
555455454455454455444444555555
555555444444554445554555554445
555455545455544455444444554555
555555444444554555554445554445
555545444444554445554455554555
555554444444554554554554554554
555455455455454455444444554555
554555554455554445444444555545
554555554454554454444444555555
554555554554554454444444555455
555555444444554445554445554555
554555554544554544444444555555
555455544455544455444444555555
555455444444554454554554554555
555555545455444444544455554455
555555554545444444554445554455
555555554445444444554555554445
555555554445444444554445554555
555555554455444444544455545455
554555554445444444554445555555
555455544455444444544455555555
554555554455444444554454555554
555555544455444444555455544455
555555554455444444554445554545
555555455455444444454455554455
555555544455444444544455555455
555555554455444444454455455455
555455554455444444454455455555
555455454455444444454455555555
555554554454444444554455554555
555555554454444444554454554555
554555554454444444554454555555
555555554554444444554454554455
555554554554444444554455554455
555555554455444444554454554554
555555454455444444454455555455
555554554554444444554445554555
554555554445444444554554555554
555455544455444444455455455555
555554554554444444554555554445
555555554545444444554544554554
555455545455444444445455455555
555554554544444444554545554555
554555554545444444554544555554
555455445455444444445455555555
555555554544444444554544554555
555555554554444444554544554545
555554554554444444554554554554
555555545455444444445455455455
555555455455444444445455545455
555555445455444444445455555455
555554554554444444554545554545
554555554544444444554544555555
555554544454454545455445454555
555444454554445545555445454555
555444454554445545455445554555
555444554554445545455445454555
555454454554445545455445454555
555554445454454545455445454555
555454445554454545455445454555
