554555555455554545545554455555
554555555455554545445554555555
555455554555545455455545555554
555455554555545455455544555555
554555555455544545455554555555
555555555544544455455555555455
555555555544444555555455555455
555555555544555455544455455555
555555555544554455544555455555
555555555554554445554555445555
555555555544554455444555555555
555555555554554445544555455555
555455554555545445455554555555
555555555455444555555445555554
555555555544444455555455555555
555555555555555444554555444555
555555555455544455455544555555
555555555555554444544555455555
555555555544444455555555555455
555555555554555445554555444555
555555555455544455455545555554
555555555554444455555455555545
555555555544555455554555444555
555555555545444555555455555454
555555555544554455554555445555
555555555555444455555455555544
555555555554444555555455555445
555555555455444555555455555544
555555555555444455555445555554
555555555544554455445555555455
555555555544555455555455444555
555555555555554444554555445555
555555555544555455554455445555
555555555544544445455555555555
555555555554544445445555555555
555555555555555444544555445555
555555555554444545555445555555
555555555555444555555455555444
555555555544555455444455555555
555555555455444555555444555555
555555555545444555555445555554
555555555555544445455545555554
555555555554554445445555555545
555555555555544445455544555555
555555555554554445545555445555
555555555555444545555445555554
555555555545554454554555445555
555555555555545444544555455555
555555555554554445545555455545
555555555544555455544555445555
555555555555554445545554445555
555555555555444455555545555544
555555555555545444444555555555
555555555545554445445554555555
555555555545544445455554555555
555555555545444555555444555555
555555555554544445545555455555
555555555554444455555545555545
555555555544545455444555555555
555555555555444545555444555555
555555555554555545554445445555
555555555555544455455545555544
555555555555544445445554555555
555555555544544455445555555555
555555555544554445445555555555
555555555544545455544555455555
555555555554555445544555455545
555555555554444555555445555545
555555555554544455455545555545
555555555555554444545555445555
555555555544554455545555445555
555555555554555445444555555545
555555555554555445544555445555
555555555544555445544555455555
555555555545554454544555455555
555555555545554445545554455555
555555555554545445444555555555
555555555554545445544555455555
555555555554555545555445444555
555555555554555545544445455555
555555555544555445444555555555
555555555554544445455555555545
555555555555444555555445555544
555555555544555445554555445555
555555555555544445545554455555
555555555554544445455545555555
555555555544544455545555455555
555555555555444555555454555544
555555555555544445455554455555
555555555544444454555555555555
555555555554554445445555455555
555555555545555454554555444555
555555555555454444445555555555
555555555555444555555445455554
555555555554554444545555455555
555555555545554454444555555555
555555555544455455444555555555
555555555455554545545554445555
555555555544444455555555455555
555555555555444554555444555555
555555555544555455454555445555
555555555555554444445554555555
555555555555444455555544555554
555555555544554455445555455555
555555555544555454544555455555
555555555544554454545555455555
555555555555554445445554555554
555555555555555444544555455554
555555555554555444444555555555
555555555545545454444555555555
555555555555555444454555445555
555555555555444555555455455544
555555555555555444444555455555
555555555544454455445555555555
555555555555554444445555555554
555555555555555444444555555554
555555555555544445455554555554
555555555555555444554555445554
555555555554455445444555555555
555555555554544445455555455555
555555555554554444445555555555
555555555555444555555444455555
555555555545555454544555445555
555555555544554454445555555555
555555555555444455455544555555
555555555554444555555444555555
555555555544555454554555445555
555555555555554445545554455554
555555555544544455455555455555
555555555554555444554555445555
555555555544444455455555555555
555555555455544545545554455555
555555555555454445445554555555
555555555545554454545555445555
555555555555554444545555455554
555555555544544454455555555555
555555555555554445445554455555
555555555554444555555455455545
555555555555455444444555555555
555555555555544454455544555555
555555555555444454555544555555
555555555555544455455544455555
555555555554555444544555455555
555555555554555445454555445555
555555555545544454445555555555
555555555545545454544555455555
555555555544555454444555555555
555555555555444455555545455554
555555555555554444445555455555
555555555555444455555544455555
555555555455544545445554555555
555555555555544455455544555554
555555555555544455455545455554
555555555544555455444555455555
555555555545555454444555455555
555555555554555445444555455555
555555555554454445445555555555
555555555555444455455545555554
555555555545454454445555555555
555555555545544454545555455555
555555555555444555555444555554
555555555455554544444555555555
555555555555554444545554455555
555555555545554444545555455555
555555555545544454455555455555
555555555455554544554555445555
555555555545444454455555555555
555555555545555444554555445555
555555555545555444444555555555
555555555545555454454555445555
555555555545444454555555455555
555555555455554445545554455555
555555555455554445445554555555
555555555455554544545555445555
555555555455554544544555455555
555555555455544545455554455555
555555555455544445455554555555
555555555455544544445555555555
555555555545555444544555455555
555555555455544544545555455555
555555555545554454445555455555
555555555545455454444555555555
555555555455454545445554555555
555555555455555444554555445555
555555555455554545445554455555
555555555455555444444555555555
555555555545554444445555555555
555555555455544545455554555554
555555555455554444545555455555
555555555455444545555554555554
555555555455544544455555455555
555555555455554544445555455555
555555555455555444544555455555
555555555455554444445555555555
555555555455554545545554455554
555555555455454544445555555555
555555555455544545455545555554
555555555455544545455544555555
555555555545444454555555555554
555555555545544454455555555554
555555555545554454445554555555
555555555545554454545554455555
555555555545555454544555455554
555555555545444454555554555555
555555555544555455444555555545
555555555545555454554555445554
555555555545554454445555555554
555555555545554454545555455554
555555555545555454444555555554
555555555545544454455554555555
555555555554554445445555555554
555555555545444455555544555555
555555555544444555555455555545
555555555555455444544555455555
555555555544544455455555555545
555555555554454445545555455555
555555555544554455545555455545
555555555544545455554555445555
555555555545544455455544555555
555555555555454445545554455555
555555555544455455544555455555
555555555554555445544555455554
555555555554544455455544555555
555555555554544445455555555554
555555555544554455445555555545
555555555544544455455555555554
555555555544444455555545555555
555555555544555455544555455545
555555555545444555555455555544
555555555545444455555545555554
555555555554545445554555445555
555555555555455444554555445555
555555555554455445544555455555
555555555555454444545555455555
555555555554554445545554455555
555555555555444554555445555554
555555555555444454555545555554
555555555544544455455545555555
555555555544555455544555455554
555555555554444555555455555544
555555555544444455555554555555
555555555555444545555455555544
555555555544555455444555555554
555555555555444554555455555544
555555555545544455455545555554
555555555555544454455545555554
555555555555545444554555445555
555555555554554445445554555555
555555555544554455545555455554
555555555554444455555545555554
555555555544554455545554455555
555555555554555445554555445554
555555555554544445455554555555
555555555544554455445554555555
555555555544444455555555555545
555555555554444455555544555555
555555555544555455554555445554
555555555554455445554555445555
555555555544554455445555555554
555555555554555445444555555554
555555555554554445545555455554
555555555544454455545555455555
555555555544455455554555445555
555555555544544455455554555555
555555555554444555555445555554
555555555544444455555555555554
555555555554544455455545555554
555555555545455454554555445555
555555555545545454554555445555
555555555545455454544555455555
555555555455554544445554555555
555555555545454454545555455555
555555555455554544545555455554
555555555455454545545554455555
555555555455544544455555555554
555555555455544544455554555555
555555555455554544545554455555
555555555455554544445555555554
555555555455454544545555455555
555555555555555455444444555555
555555555545555555444444555555
555555555555554555444444555555
555555555554444444555555555555
555555555555444444555555545555
555555555555444444555555555545
555555555455555555444444555555
555555555555545555444444555555
555555555555444444455555555555
555555555555444444555555554555
555555555555444444545555555555
555555555555444444555555455555
555555555555444444555555555455
555555555555444444555545555555
555555555555444444555455555555
555555555555444444555554555555
555555555545444444555555555555
555555555555455555444444555555
555555555554555555444444555555
555555555555444444555555555554
555555555555444444554555555555
