445444545454544555555454444444
444544454554555454454555444444
444544544545555445544555444444
444544454545555445454555444444
445444455454454555555454444444
445444545445544555555445444444
444544544554555454544555444444
445444455445454555555445444444
445544544454555454544555444444
445544454445454555555445444444
445454454445454555555445444444
444444545445454555454445455544
454544544454555454544555444444
444444544545555454544454445554
544554444454455544555455444444
455445454444445554554555444444
444444555445454555445554454444
444444544555555454455544444454
455444544555544445555445444444
454444455555444444555444445554
555554544445455554544444444444
455444544555555445544445444444
455444544555544454555454444444
444444455454544454544555555444
444554555445544445544555444444
455444544555555454544454444444
454444545555444444454444455555
455555544445455554444445444444
444444544554544445555445444555
444444455445544445544555555444
444454555545544445544555444444
555554544445455554444444544444
444554555445454445454555444444
555554444455555544444454444444
455555554444445555454444444444
444454555554444444444555455544
444444454554454445555445444555
444454555545444444444454555554
454444545555544454555454444444
444554555445544555544445444444
455555544445455554444444444445
444454555545444454444444555554
454444545555454444444444455555
455555554444445555444444454444
444554555445454555454445444444
555554444455555544444444444454
444454555545454445454555444444
454444545555544445555445444444
445445555445444444544555545444
544544544555444444555445444545
454544454555444444555445444545
445454555454444444544555545444
455454444545444444555554444554
444444444554444555555445444555
444444545544544454554455445554
444554444444455454544555455544
444554444444444555555445444555
444444455444544455544555555444
444444455444555444544555555444
444444445545454445554455455544
444444455455544444544555555444
455444444444555444544555555444
444444455544554444544555555444
444554455454444444544555455544
444444554554444445555445444555
444444455545544444544555555444
444444544554444455555445444555
444444545554444445555445444555
444444455554544444544555555444
444444445554444455555445444555
444444455444554445544555555444
444444455554444445555445444555
455444444444454554555445445554
444444455445554444544555555444
455444454554444444555445445554
444444444554554445555445444555
445554445554444444555555444444
444444555555444444555444555444
444444555555444444455544455544
454554545444444444455555455444
444444555555444454444444555554
555554444454444444555555444444
444444455454554444544555555444
555555444444444444555555444444
444444444444555555444444555555
444444444554544455555445444555
444444555555444445444444455555
444444555555444444555554544444
555554544444444444555555444444
444444555555444444444444555555
444444555555444444444445455555
555444555444444444555555444444
444444555555444444544444555554
555554444444544444555555444444
444555444555444444555555444444
444444555555444444454444455555
555555444444555555444444444444
444444555555444444444555444555
444444454554444455555445444555
555554444444444454555555444444
444444555555444444455555444445
444444555555444444445554445554
444444555555544444444444555554
544444555554444444555555444444
455544455544444444555555444444
455555454444444444555555444444
455555444445444444555555444444
444444555555454444444444455555
455555444444454444555555444444
444444555555444444444454555554
455555444444444445555555444444
444445455555444444555555444444
545444545555444444554454445454
444545555545444444454455454544
445544555544444444544555545444
445544445555444444555445444545
544544544555444444555454444554
445445555445444444454555455444
455444444555444444555554444554
444554555444444444455555455444
444545555444444444455555455444
445454555454444444454555455444
454544454555444444555454444554
545444444555444444555554444554
444544555544444444455555455444
445444445555444444555554444554
445454554555544454545544444444
454544555455454445445545444444
544544555455544445445545444444
445445554555544445545544444444
444544555455544445545545444444
445444554555544445545545444444
445444554555545545544445444444
444544555455545545544445444444
444545555545444444445455445544
545444545555444444554544445544
444544555455455545444444444545
445444554555545554545444444444
444544555455455545444545444444
455444555444444444544555555444
445444554555545554444444545444
444554444555444444555445444555
545554444554444444555555444444
545544545444544555455544444444
545554444444444554555555444444
545544444555444444555445444545
545454545444544555455544444444
554444555544444444555555444444
554444555454444444555555444444
545554545444444444555555444444
545554444444545444555555444444
554445555444444444555555444444
554444555445444444555555444444
545554554455445544444444544454
545554554455445544544454444444
545554554455444444445544544454
545555454445545554444444444445
545554544454444444555555444444
545554444444544454555555444444
545555454445545554444445444444
545555444444444445555555444444
545555444445444444555555444444
554454444444445555554554444544
554445444555444444555555444444
545555554444445555444444544444
545555554444445555544444444444
554454444444545555455544444454
545544545544444444555555444444
554454444454445555555544444444
545555544444444444555555444444
545555444444544444555555444444
545544444444545544555555444444
554454444444445555555544444454
554454444454555544445555444444
554444444444554554555555444444
554444554554444444555555444444
545454545454444444555555444444
545545444444545444555555444444
545545444545444444555555444444
545545545444444444555555444444
545545444444444545555555444444
545455545444444444555555444444
545455444444545444555555444444
554444444444554545555555444444
545544554455544445445545444444
554454444444554454555555444444
545455444444444455555555444444
545544544554444444555445445544
545455444455444444555555444444
545454554545544445445455444444
554444554545444444555555444444
554444444444554455555555444444
545544444444444554555555444454
554444554455444444555555444444
554445444444554445555555444444
545545554455445544444444544445
545545554455445544544445444444
554445554445444444555555444444
545455554545445454544445444444
545545554455444444445544544445
545455554545445454444444544445
545455554545444444445454544445
545454554454444444445555545444
545544444444554444555555454444
545544444444544454555555444454
545545444444544445555555444444
554444555555555444445444444444
545544554544444444445555545444
554445544455444444555555444444
545455544445444444555555444444
554445444444544455555555444444
545545544445444444555555444444
545455444444544445555555444444
545544545455444444555544444544
554454444444444554555555444544
554444445555555555444444444444
554444445555555444555444444444
554444445555555545444445444444
554444445555555554444454444444
554444555555445444555444444444
545544444555444444555454444554
554445445554555555444444444444
554454444555444444555544444554
554445445555444444554545444544
545544554455444444445554544454
554444545555544444455554444444
554444444444555454555555444444
554444545555544444454555444444
545454554544444444445555544454
545544554455445554444444544454
545544454454444444545555444554
545544554454444444445555544454
554444444444555445555555444444
554454445554444444554555444544
554445444444555444555555444444
545544454555545454444444444554
554445444444444555555555444444
545544454555444444545454444554
545554454454444444545555444544
554445445555444444554544444545
554454445555444444554544444554
554445445555554544444444444545
545544454554444444545455444554
554454445544444444554555444554
554454445555554544444444444554
545455544544444444555455445444
545454554545444444555454454444
554454445554444444554545444554
554445445555444444554455444454
554444445555554455444444444455
545544554455455544444444554444
545544554455444444455544554444
554444445555554545444444444545
554444445555444444554455444455
545454554545444444455454554444
554444445555444444554554444554
545454554545455454554444444444
554444445555444444554545444545
545454554545455454444444554444
554444445555554554444444444554
554445445555444444554454444455
554445445555554454444444444455
554444545555444444555444455444
554444545555444444454444555544
554444545555454444555544444444
554444545555454444444444555544
554444545555444444455544554444
554444545555444444455554544444
554444545555554444455544444444
554444545555444444554444455544
554444545555554444444444455544
554444545555444444555544454444
554445445555444444554445444554
554444445555444444554445444555
554444445555444444554555444445
554444445555554445444444444555
554445545554444444554445455444
554445545554444444555445454444
554445545554554445455444444444
554445545554554445444444455444
554454445545555454554444444444
554454445545444444555454554444
554445545554554444455445444444
554445445554554445555444444444
554444445555444444555544554444
554454445545554444555454444444
554444445555554444555544444444
554454445545555454444444554444
554445445554554445444444555444
554444445555554444444444555544
554445445554554444555445444444
554445445554444444554445555444
554445445554444445554555444444
554445445554444444554555444445
554445445554444444555445554444
554444445555444444554444555544
554445445554444444554445444555
554445445554554445444555444444
554445445554554445444444444555
554444545555444444454555544444
