444454555544444454444445444444
454444445555454444544444444444
445444554555445444444444444444
445444554555444444445444444444
444544555455444544444444444444
454444545555454444444444444444
444544555455444444444544444444
454444545555444444454444444444
444454555545444444444454444444
444454555545444454444444444444
444444444455555554444444444444
444444544444455555454444444444
444444455555454444544444444444
444444444444555554444455444444
444444544444455555444444454444
444444555554444454444445444444
444445444444555555444444444444
444444454444455555544444444444
444444544444454444455555444444
444454444444555554444445444444
444444444445555554444444444454
444444444445444454555554444444
454444444444455555544444444444
444444444454555554444445444444
444444444445555554444454444444
444444444444455555554444444444
444444444455555544444444544444
444444444444555445444555444444
444444444444555544444555444444
444444554444545444444555444444
444444444544455544544455444444
444444555555454444444444444444
444444444444544444555555444444
444444444445555554444444544444
444444554444455555444444444444
444444544445455555444444444444
444444444445445554555444444444
444444544444455544444555444444
444444444444555555544444444444
444444444544444444555555444444
444444444555555444444444544444
445444444444445555554444444444
444444444554445454554445444444
444444544444455554454445444444
444444444454444444555555444444
444444555444444544544455444444
444444555444444555544444444444
444444555444454544444455444444
444444555444454554444445444444
444444444555445454554444444444
444444544455455544444444454444
444444444444555544544455444444
444444444444555555444444544444
444444555444445544444455444444
444444555555444544444444444444
444444444444555554544445444444
444445444444444444555555444444
444444555555444444444444444544
444444544444455554444455444444
444444544444555555444444444444
444444444444555555444445444444
444444544445454554455444444444
444444555555444444444454444444
444444544455454544455444444444
444444555444444554444455444444
444544444444444444555555444444
444444444444555555444444444445
444444444445454554555444444444
444444544444455545444455444444
444444444445544554555444444444
444444544445555554444444444444
444444444445455555544444444444
444444444444545554554445444444
444444555555444444445444444444
454444444444444444555555444444
444444554445445554445444444444
444444444455445545554444444444
444444555444544555444444444444
444444444445555444444555444444
445444444444444555555444444444
444444555555444444444444445444
444444444455455545544444444444
444544444444555444444555444444
444444555444444555445444444444
444444544455555544444444444444
544444444444444555555444444444
444444554445445444444555444444
444444455444454554544445444444
444444555444444555444444444445
444445444444445555554444444444
444444444544555444444555444444
444444444455555544444544444444
444444555444444545444455444444
444444555555444444444444544444
444444444555445444555444444444
444444444444545555554444444444
444444444444444454555555444444
444444555555445444444444444444
444444554445445555444444444444
444444444445444555555444444444
444444444445555554544444444444
444444554444445544444555444444
444444444444445555555444444444
444444555555444445444444444444
444444544444444555555444444444
444444555444444554454445444444
444444555555444444444544444444
444444555555444454444444444444
444444445444444555555444444444
444444444444544555555444444444
444444444445555555444444444444
444444444444445555554445444444
444444444555455444554444444444
444444554444455554444445444444
444444554444545554444445444444
444444444444455555544445444444
444444444444444445555555444444
444444444445455554554444444444
444444554445445554444454444444
444444544444455445444555444444
544444444444444444555555444444
444444544444555554444445444444
444444454445444554555444444444
444444555555444444454444444444
444444554444455544444455444444
444444554444545544444455444444
444444444454455554544445444444
444444544444444444555555444444
444454444444455554544445444444
444444444455555544444444444544
444444554445545554444444444444
444444444554455454544445444444
444444444445444444555555444444
444444444444454555555444444444
444445444444455555544444444444
444454444444444444555555444444
444444444555455544544444444444
444444554444445555444445444444
444444555444444555444445444444
444444444555555444544444444444
444444444455444544555544444444
444444544455455545444444444444
444444444455444545555444444444
444444445444445555554444444444
444444454444444444555555444444
544444444444555555444444444444
444444444444455545544455444444
444444454444444555555444444444
444444554444445445444555444444
444444455444454555544444444444
444444555555444444444444454444
444444444454555444444555444444
444444555444454555444444444444
444444444444445444555555444444
444444544444455555444444444445
444444444455544544555444444444
444444444555555444444444444445
444444444444454444555555444444
444444555555444444444444444445
444444454444455544544455444444
544444444444555444444555444444
444444444555545444554444444444
444444444555455444544454444444
444444444455445544555444444444
444444544455455544444544444444
444444444444555545444455444444
444444444444455554554445444444
444444555444444555444444445444
444444444455555544544444444444
444444444445555454444554444444
444444554444445555444444444445
444444544445455554444444454444
444444555444544554444445444444
444444444445545554554444444444
444444555544444544444455444444
444444454444455554544445444444
444444554445455554444444444444
444444555444445554444445444444
444444544454455444444555444444
444444544455444544555444444444
444444444555445444554445444444
444444544445455444444555444444
444444554444445454444555444444
444444555444444555444444454444
444444444444444544555555444444
444444555444445555444444444444
544444444444555544444455444444
444444544445455554444454444444
444444555444445444444555444444
444444444555455454544444444444
444444444455455544554444444444
454444444444455544544455444444
444445444444555444444555444444
444444544445444554555444444444
444444444555555444444444444454
444454444444445554554445444444
444444445444445554554445444444
444444554445445454444554444444
444444544445455554444444444454
444444554444455444444555444444
444444444455455554544444444444
444444444555555445444444444444
444444444544555544444455444444
444444554444445554444455444444
444444544444455454444555444444
444444445444444444555555444444
444444555444544544444455444444
444444554445445554444444444454
444444555555444444544444444444
444444444455545544554444444444
444444555555444444444445444444
444444555444444554544445444444
444444544444555444444555444444
444444554444445555445444444444
444445444444444555555444444444
444444544455455554444444444444
444444444555555444444454444444
444444555555444444444444444454
444444555444444555444444544444
444444444444455554544455444444
444444554444445444445555444444
444444444445445555554444444444
444444444555455445544444444444
444444554444545555444444444444
444444454445455554544444444444
445444444444444444555555444444
444444544444555544444455444444
444444544454455554444445444444
454444444444455554544445444444
444444444454445554554445444444
444444544444454555455444444444
544444444444555554444445444444
444444444554555454444445444444
444444444555555454444444444444
444444444555555444444445444444
444544444444455544544455444444
444444444455444554555444444444
454444444444444555555444444444
444444444455555545444444444444
444444555555544444444444444444
444444544445455554454444444444
444444444455445554554444444444
444454444444555444444555444444
444444455444454544544455444444
444444555444444555454444444444
444444544444455555444445444444
444444444555555544444444444444
444444444555555444444544444444
444444544445455454444554444444
444444554444445545444455444444
444444444555455444544445444444
445444444444445554554445444444
444444444455454544555444444444
444444555444444544444555444444
444444444555445445554444444444
444444444445455554544454444444
444444444555555444444444444544
444444544455455544444444444544
444444444555445544554444444444
444444444444555454444555444444
444444554445445554444444445444
444444554444445555444444445444
444444444555444544555444444444
444544444444555544444455444444
444444544455455544454444444444
444444445555445444554444444444
445444554455445544444444444444
445444554455444544445444444444
445444554545444454445444444444
454444445555554444444444444444
444444545444454555444445444444
444444545555454444444445444444
444444545555454444444444444445
444444545555454444444444444454
444444545444554554444445444444
444444545544454544444455444444
444444545555554444444444444444
444444554444445544544455444444
444444545555454445444444444444
444444545555454444444454444444
444444545554454454444445444444
444444545555454444444444454444
444444545444454555454444444444
444444545555454444454444444444
444444545555454444444444444544
444444545555455444444444444444
444444545555454454444444444444
444444554444445445445554444444
444444545444554555444444444444
454444444444445555554444444444
444444554444445555444444454444
444444545555454544444444444444
444454444444555555444444444444
444444545555454444444544444444
444444545444455554444445444444
444444554444445555444444444454
444444545444455444444555444444
444444545444455555444444444444
445444444444444445555554444444
444454444444555544444455444444
