555445544445544555455554444444
544555544445555445455554444444
555444544555544445455555444444
544445555445544555455554444444
544445544555555445455554444444
555444544555444444555445444555
455444555445544555555445444444
555454544445544555455545444444
545444555445454555555445444444
555455544445544555455544444444
554555544445555445445554444444
544454555545544445455555444444
544455555445544555455544444444
554445544555555445445554444444
544454555445544555455545444444
544544554545454555555445444444
555544555444544555455544444444
555544555444444555555544444444
554444555445544555455545444444
545444555454454555555454444444
555444554544545555455544444444
555445554444554555445554444444
455444555454544555555454444444
555544554444545555455544444444
544455544555555445445554444444
555445554445544555455544444444
544544555445555445454555444444
544555544455555445445554444444
554445555445544555455544444444
544555444455555455455544444444
544454555445454555555445444444
455445544555544445555554444444
544554555445544445455555444444
544445455555444444555554544445
544445555554444444455555544445
544544555445454555555445444444
544544555445454555444444555445
555454555444544555455544444444
544554554445555445454555444444
455445544455544555555454444444
455554444444544555555445544445
544555444555555445445554444444
555445555444544555455544444444
455554544445544555555445444444
455554544445555445544555444444
544555444555555444445555444444
455454544455544555555445444444
555445555444444555555544444444
554454554544554555445554444444
554454554554554544445555444444
455554444444555445544555544445
544544554554454555555454444444
554544554454554555445554444444
555454555444444555555544444444
544555444455555545445554444444
544445555554444444455555554444
544445455555444444555554444455
555445554444545555455544444444
545454444444554555555445454445
554544554554554454445555444444
455445554444554555545554444444
545544444444554555555445454445
545454554445454555555445444444
544544554545555445454555444444
545544554445454555555445444444
544555444455555445455554444444
544554444455555455455545444444
544544554554555454454555444444
555454554444545555455544444444
555445554444544555455554444444
455445444444544555555455544454
544554444444555445554555454445
455544554445544555555445444444
555444554555444444445555554444
455544444444554555555445544445
455454554445544555555445444444
455454444444554555555445544445
455454444444544555555455544445
544555555445444444455554544445
554455555444544555455544444444
554555444455555445445554444444
554455444555555445445554444444
555445544555444444455554544445
555455554444544555455544444444
555445444444544555555455444454
555445444444544555455544554445
544555444444555445455554544445
555445444444544555455554554444
544555444444555445445554544455
555445444444554555445554554444
555445444444554555445554544445
555445444444544555455554544445
544555444444555445455554444455
544555444444555455455544544445
544555444444555445554555454444
544555444455455544555455444444
544555444444555455455544444455
555445554444445554554555444444
554555444444555445445554544445
555455444444544555455544544445
554555444444555445445554444455
555455444444544555455544554444
555444444555555444444444555554
555554555445444554555444444444
555444444555555454555454444444
555444444555555445555445444444
544454555445454555444444555445
455555544555455444444555444444
545444554555454445555545444444
544545555455544454445555444444
545445554555454445555544444444
455454544555544455555445444444
544454555545554445454555444444
544544555455544455445555444444
455444544555555454555454444444
544554555445554555454445444444
455444544555555455544455444444
545444554555554445455545444444
544545555455544455445554444444
555545555454444545555444444444
555454555545444554555444444444
455445544555555455544454444444
455445544555544455555454444444
545555454555545444444555444444
545444454555555454555454444444
545445554555554445455544444444
555555554444445555554444444444
554444555555444444555444445554
544544554555444444555445454545
544554555445554445454555444444
554444555555444444445554555444
555555444455555544444455444444
554444445555555444444444555554
555555444455555544444444444455
554444445555444444554444555555
554444445555444444554555444555
555555544445455554444444544445
555555554444445555444444554444
545444454555555445555445444444
554444445555554444444444555555
544445455554444444544445555555
555544555455444444555544444544
554544554555444444555445444545
544544555455455544444444555544
555555544445455554544445444444
544445455554544445444444555555
544544555554444444555445455544
544544444444544555555455444555
554444445555444444555454555454
545544444444545454554555445554
455544444444455454554555445554
544454444444554555555445444555
544545444444544555555454444555
545454444444545544554555445554
455544444444555544544455555544
455445444444555445544555555444
545454444444555454454555555444
545445545555444444554455445454
544545555545444444554455454544
545445444444555445454555555444
554554444444444555555445444555
545544444444545554554455445554
455554444444444555555445444555
545554444444444555555445444555
545454444444545554554545445554
555444554554444444445555555444
455454444444555454544555555444
544554444444544555555445444555
555444444444544554455555555444
455454455545444444555554444554
455554444444555444544555555444
455455444444555444544555555444
555555444444554444555555444444
455554454454444444555545445554
455554454554444444555445445554
555444544554444444455555555444
455554444444454454545555455544
555444444444554554445555555444
555555444444555555554444444444
455544444444544544555455555544
455554454454444444545555455544
555454555454444444555555444444
455545444444555444544555555444
555555554444444444555555444444
555455555444444444555555444444
455554455454444444544555455544
455554444444454554555445445554
555555444444555555444444554444
555445555445444444555555444444
455545455545444444555555444444
555555444444444455555555444444
554555444555444444555555444444
455554444444455454544555455544
455555444555444444555555444444
455555444444444555555555444444
545554545554444444555555444444
555444555455444444555555444444
554444444444555555444444555555
555555444444555555444444444455
555555444444555555444455444444
544555544555444444555555444444
555554444444555444555555444444
555444544554444444555445455554
555444555554444444555555444444
545454554545454445555455444444
555555444444555555544445444444
455554444444454454555545445554
455554455554444444555555444444
545555444555444444555555444444
555545555444444444555555444444
555544444444544544555455455544
555555444455444444555555444444
555544555544444444555555444444
544445444444555555444444555555
555444444444544554555445455554
555555544445444444555555444444
555444554554444444555445445554
555554555444444444555555444444
555444555545444444555555444444
555555444444555555444444544445
555444444444554554555445445554
555555444444544445555555444444
555444444444544545555455455544
555444444444544554555455455544
544545555545444444454455554544
555444544554444444555455455544
555444544545444444555455455544
545445545555444444554454445455
555544544544444444555455455544
555444554555555454444444445454
545544545555444444555445444545
544544554555444444555454454554
545444545555444444554455445455
544544544555444444555455444555
455445555445444444544555555444
544454554555444444555445444555
545445555445444444454555555444
544554544555444444555445444555
545454554545555455454445444444
554544554555444444555454444554
544545544555444444555454444555
455444554555545545554445444444
545444545555444444555554444554
545454554545554445455455444444
455454554545554445545455444444
555544554455444444545545454445
555444554555444444545444455554
555444554555444444545554455444
555454554545444444545455454445
554444445555444444555445555445
555454554545554445445455444444
554544555455554445445545444444
545454555454444444454555555444
554444544555555445444444445555
555444544555555454444444455454
544545555545444444545455445544
545445545555444444554545445544
455454555454444444544555555444
555444554555545444444444455554
555444554555555445444444445445
555444554555545444455554444444
555544554455554445445545444444
455544554455554445545545444444
544545555545444444445455545544
545445545555444444554544445545
545444545555444444554545445545
545454545555444444554544445554
545544545554444444554455445554
545544545555444444554454445554
545454545554444444554545445554
455444555455444444544555555444
554554444555444444555445444555
455455555444444444544555555444
545444545555444444554554445554
455444554555545554444444555444
545444555445454555444444555445
554544555455545545454445444444
554544555455545545444444454445
554454545545555455444444454445
555454554545545455444444454445
555454554545545455454445444444
455444555445544555444444555445
554454545545555455454445444444
555544554455545545444444454445
555544554455545545454445444444
555444544555555445444444455445
545444555454454555444444555454
455444555454544555444444555454
555444554544545555444444455544
555454555444544555444444455544
555454554444545555444444455544
555445555444544555444444455544
544555444555555445444444445554
555544554444545555444444455544
554455555444544555444444455544
554455444555555445444444445554
555445554444545555444444455544
544555444455555545444444445554
555544555444544555444444455544
544454555445544555444444455545
