555555555555555555553555555555
555555553555555555555555555555
555355555555555555555555555555
555555555555555355555555555555
555555555355555555555555555555
555555555555555555555555553555
555555555555555555555355555555
553555555555555555555555555555
555555555555555555555555535555
555555555555553555555555555555
555555555555555555555555555355
555555555555535555555555555555
535555555555555555555555555555
555535555555555555555555555555
555555555535555555555555555555
555555555555555555555555555535
555555555555555555555535555555
555555555555555535555555555555
555555555555555555535555555555
555555535555555555555555555555
555555555555555555555553555555
555553555555555555555555555555
555555555555355555555555555555
355555555555555555555555555555
555555555553555555555555555555
555555355555555555555555555555
555555555555555555355555555555
555555555555555555555555355555
555555555555555555555555555553
555555555555555553555555555555
