353555555355553333335555555555
555555555533333355553555555353
555355553555333353555535535555
555555335555553333555355353555
555353553555333355555533555555
553555555355353333535555555535
553555555355353333535555355555
555355553555333353555535555553
555355553555333353555533555555
555555555535333353553555555353
553555555355353333335555555555
555555535555353333555355353555
555555535555353333555335553555
555355533555333353555535555555
553555555335353333535555555555
555555555535333353533555555355
555555555533555355553555333353
333353553555555355555533555555
555555335555553555555355353333
353333555355553555335555555555
333355553555555353555535555553
553333555355353555535555355555
553333555355353555335555555555
555555535555353555555355353333
333355553555555353555533555555
555555555535555353553555333353
555535553333555355553555555353
333355553555535353555535555555
553333555355353535535555555555
535555333355553555555355353555
535555555535555353553555333355
333355533555555353555535555555
333355553555555353555535535555
555535535555353555555355553333
555555535555353555555335553333
553333555355353555535555555535
553333555335353555535555555555
555555555535555353533555333355
355355555355553535335553555355
553553553555535355355533553555
555555535535353333555355553555
555555535535333353553555555355
555555553533335355553555555353
555555335355553533555355353555
555555535355353533555355353555
555535333355353555555355553555
555555553535335353553555555353
555353553555555355553333535555
553555555355353555533335555535
555355553555555353533335535555
555535533335353555555355553555
555555535335353553555335553555
555555533535355353533555555355
555535553535553353553555553355
353555555355553533335555555355
555355335555553533555355353555
555353553555535355355533553555
555353353555555355535533555355
553555555533335355553555555353
555353553555335355555533553555
555353553555555355335533555355
353555555355553535335553555355
555353553555333353555535555555
555535535535353535555335553555
553555555355353555333355555535
555555555533333353553555555355
555355353555555353535533555355
555535333355553555555355353555
553555555355353555335533553555
555355553555555353335533555355
553555555355353533533355555555
555355553555555353553333535555
555355553555335353553335555555
555355535555353533555355353555
555535555535333353553555555355
553555555355353533335555555355
553555555355353535335553555355
553555555535335353553555555353
555355553555335353555533553555
555355535355353355555355353555
555355553555535353355533553555
553555555355355333533555355555
555355553555333553555335535555
555355553555333553555335555553
555355333355553555555355355355
553555555355355333533555555535
555355553555333353555335555555
555555555335333353553555555355
555355535555353333555355553555
555355553555333353555535553555
553555555535333353553555555355
555355335355553355555355353555
555355555535333353553555555355
555355553555333353555535555535
555535535555353333555355553555
555555535533533355553555555353
555355533555333553555335555555
555555535535533353553555555353
553555555335353553535555555335
555355533555355353555535533555
533555555535355353533555555355
555555535553353333555355553555
555335535555353553555335553555
555553535555353333555355553555
555555535535353335555355353555
555355353555555353533535555355
555355333555553553555335555553
555355533555555353353535555355
555355553555335353555335555355
555355353555333353555535555555
555555535555353333555353553555
555355553555333353555535355555
555355333555553553555335535555
555355555335355353533555555355
555355553555553553335335553555
553555555355355355533533555355
555355553555333353355535555555
555355353555535353555335555355
555355533555355353555335555355
555355553555533353355535535555
555355333555533553555335555555
555353553555533355355533555555
555353353555533355555533555555
555335533555355355555355553355
555555555533533355353555555353
555355353555533353555535555553
555355553555533353355535555553
555555535553353335555355353555
555355553555533353355533555555
555555535555353335555353353555
555535355535555353353555355355
555355353555533353555533555555
555535335535553535555355353555
555535535535353535555355353555
555535535333353555555355553555
555535333553355355555355553555
555553333535355355555355553555
555355553555335353555333555555
555355533555355355555355353355
555555555335553553333555555353
555355533555355353555333555555
555355353555535353555333555555
555555553535555353333555555353
555355555355553533535553553553
555555335333553555555355353555
555555553533555355333555555353
555355553555335353355535355555
555535555535535353533555535355
555535555535355353353555355355
555333535535353555555355553555
555555535335353555555333553555
555553535553353553555335553555
555355533555355353355535355555
555535535355353555555355553335
555353333555553355555533555555
555355555355533535535553535535
555353333555555355555533553555
553555555533555355333555555353
555555335555553355555333353555
555355335555553555555333353555
555353553555335355555333555555
555555555535553353333555555353
555355333555553353555535555553
555355333555555353555533553555
555555535555353355555333353555
555355535555353555555333353555
555355333555553353555533555555
553555555535555353333555555353
555355333555553353555535535555
555355353555335353355535555555
555353353555535355555333555555
555355335355353555555355355355
555353533555355355555333555555
555355333555555353555535533555
555335535555353555555333553555
555535533353353555555355553555
555533533355353555555355553555
555355533555555353533535555355
553555555355353555533355555533
555535533355353555555353553555
555355553555555353553335335555
555355353555555353553335535555
555355555335533553533555555355
555355553553553335335555555355
555355533553353335555555555355
555355533553353335555355555555
553535553553535355555535355355
535355355355553535535555553553
555335353553553355555535555355
555335553553353355555535555355
555335353553555355555535553355
555335553553555355555535353355
555335553553553355355535555355
555535353553553355355535555355
555535353553555355355535553355
555535553553555355355535353355
555535353553353355555535555355
555535353553555355555535353355
555335553553555355355535553355
555535553553353355355535555355
