333353333333333333333353333353
333353333353333333333333333353
333353333333333353333353333333
333353333353333333333353333333
333353333333333353333333333353
335333333333335333335333333333
353333333333353333333333353333
353333353333333333333333353333
335333335333333333335333333333
335333333333333333335333335333
353333333333333333353333353333
353333353333333333353333333333
353333333333353333353333333333
333533333333333533333333333533
333533333533333333333533333333
333533333333333533333533333333
333533333533333333333333333533
335333333333335333333333335333
333533333333333333333533333533
335333335333333333333333335333
353333333333335333333533333333
333533355333333333333333333333
335333333333333533333333353333
353333333333333333335533333333
333533353333333333333333335333
335333333333333333333533353333
353333333333333533335333333333
353333335333333333333333333533
335533333333333333333333353333
353333333533333333333333335333
355333333333333333333533333333
353333335533333333333333333333
335333333533333333353333333333
333533353333333333335333333333
353333333333335333333333333533
335333333333333333353533333333
355333333333333333333333333533
353333333533333333335333333333
333353333333333333333533335333
333533335333333333333333333353
353333333333333333333533335333
333353335333333333333333333533
355333333533333333333333333333
335333333353333533333333333333
335333333333333533353333333333
335333333333333333333333353533
333533333333333333355333333333
333533333333333333333333355333
335333333333333553333333333333
335333333533333333333333353333
333353335533333333333333333333
333353333333333333335533333333
333353333533333333335333333333
335333333533333333333353333333
333553333333333333333333335333
333533333333333333333355333333
335333333353333333333333333533
333355333333333333333533333333
333553333333333333333333333335
335533333333333333333333333353
333335333353333533333333333333
333335333333333533333333333353
333353333333335333333533333333
333353333533333333333335333333
333533333333335333353333333333
335333333333333333353333333533
353533333333333333333333335333
333533333333333333335333353333
353333333333333333333333335533
333353333533333333333333333335
333335333553333333333333333333
333353333333333533333335333333
333533333333333333333333333355
353333335333333333333533333333
333535333333333333333333333353
335333333333333333333553333333
333553333333335333333333333333
333533333333355333333333333333
353533333333333333335333333333
333353333333335533333333333333
333335333533333333333353333333
333533333333333333333353335333
333355333533333333333333333333
333335333333333333333553333333
335333333333333333333333333553
333335333333333553333333333333
333533333333333333335353333333
335333333333333533333353333333
333353333533333333333333335333
335333333533333333333333333353
333353335333333333333533333333
335333333333333333333533333353
335333333553333333333333333333
333353333333333333333333335533
333533333333335333333333333353
333533333333333333333333335353
333353333333333533335333333333
335333333333333533333333333353
553333333333335333333333333333
335353333333333333333533333333
335353333333333333333333333533
333333533333355333333333333333
333353333333335333333333333533
333533335333333333333353333333
355333333333333333533333333333
533333335333333333333333353333
335533333333333333333353333333
333553333333333333335333333333
333353335333333533333333333333
533333353333333333335333333333
353333335333333333333333533333
333553335333333333333333333333
333353333333333333335333333533
533333333333335333333333353333
333333553333333333333333335333
353333333333335333533333333333
333353333333333533333333335333
333533333333335333333353333333
333533333333333333335333333353
353333335333333533333333333333
353333333333333333335333333533
333533335333333333353333333333
353333333333333533333333335333
353333333533335333333333333333
333533333333335333333333353333
533333333333333333333333355333
335533333333333333353333333333
333533353333335333333333333333
353333333333335533333333333333
333335333353333333333333333533
333533333333333333333353333335
355333333333333533333333333333
333533335333333333333333353333
333553333333333333333335333333
333335333333333333333333333553
333335333353333333333533333333
333353333333333333333533333335
333355333333333333333333333533
335333333353333333333533333333
333353333533335333333333333333
353333333333335333333333533333
335333333333333333553333333333
553333333333333333333333335333
355333333333333333333333533333
533333333333333333355333333333
333333535333333333333333353333
335333333333333333333333553333
533333355333333333333333333333
533333333333333333335333353333
533333333333335333353333333333
553333335333333333333333333333
333335333333333533333353333333
333333553333333333335333333333
333355333333333533333333333333
533333335333333333353333333333
535333333333333333333333353333
333353333333333533333333333335
333333533333335333333333353333
333335333335333335333333333333
353333333333333333333333535333
333333535333333333353333333333
353333333333333333535333333333
353333335333333333533333333333
533333333333355333333333333333
333335333533333333333333333353
333335333333333333333533333353
333333553333335333333333333333
533333353333335333333333333333
535333333333333333353333333333
335333333333333333353333533333
353333333333333333335333533333
333333533333335333353333333333
333535333333333333333353333333
533333353333333333333333335333
553333333333333333335333333333
333353333333333333333333333535
333333533333533333533333333333
333333533333533333333333533333
555333333333333333333333333333
533333333333533333533333333333
333353333333333333333535333333
533333533333333333533333333333
533333333333333333533333533333
355533333333333333333333333333
333555333333333333333333333333
333333555333333333333333333333
335333335333335333333333333333
333533333533333533333333333333
533333533333533333333333333333
333353333353333353333333333333
335553333333333333333333333333
353333353333353333333333333333
333335333333333333333335333335
333335333335333333333335333333
333335333333333335333335333333
333335333333333335333333333335
333335333335333333333333333335
533333333333533333333333533333
533333533333333333333333533333
333333533333333333533333533333
