553553553555555355555533555555
355355555355553555335555555555
555555535535353555555355553555
555555535535555353553555555355
555555555533555355553555555353
555353553555555355555533555555
555555335555553555555355353555
353555555355553555335555555555
555355553555555353555535555553
555555555535555353553555555353
553555555355353555535555355555
555355553555555353555533555555
555555535555353555555355353555
553555555355353555335555555555
553555555355353535535555555555
555355553555535353555535555555
553535555355353555535555555555
555555555535555353533555555355
555355553555555353555535535555
535555555535555353553555555355
555355533555555353555535555555
553555555335353555535555555555
553555555355353555535555555535
555555535555353555555335553555
555535535555353555555355553555
535355553555555353555535555555
535555535555353555555355553555
555535555535555353553555555355
555555555335555353553555555355
555355553555555353555335555555
555355555535555353553555555355
553555555355353555533555555555
555555533555353555555355553555
553555535555353555555355553555
555353553555555353555535555555
555555555533555353553555555355
353555555355353555535555555555
555555335555353555555355553555
553553553555555353555535555555
355355555355353555535555555555
553555555355353555535555555355
553555555355353355535555555555
555355535555353555555355553555
553355555355353555535555555555
555555535555353355555355553555
555555535555353555555355553355
555355553555553353555535555555
555555555535555353553555553355
555555535355353555555355553555
553555555535555353553555555355
555555555535553353553555555355
553355553555555353555535555555
555355553555555353555535553555
555555553535555353553555555355
555555533555355355555355553555
555355553555553553555335555555
555555555335553553553555555355
553555555355355355533555555555
555355553555555353555535555535
553555555355353555535555553555
553555555355353555535555535555
555355553555555353555535555355
555555555535355353553555555355
555553555535555353553555555355
555555535555353553555355553555
355555535555353555555355553555
555555535555353535555355553555
555555555535535353553555555355
553555555353353555535555555555
553555555355353555535553555555
355555555535555353553555555355
555555555535555353353555555355
555555355535555353553555555355
555355353555555353555535555555
555555535555353555555353553555
555355553555555353555535355555
555555535553353555555355553555
555355553555555353355535555555
555553535555353555555355553555
553555555355353555535555555553
553555555355353553535555555555
355355553555555353555535555555
553553555355353555535555555555
555355553555355353555535555555
555355553553555535555355555535
553555355355535555553555535555
553555355555535355553555535555
555355555553553535555355555535
555355553555335555553555555355
555355535535553555555355555535
553555535535555355553555535555
535555553535555355555553555535
553555535535555355555553555535
555355535535553555355555535555
555535535355553555355555535555
555355535535353555535555555555
535555553535555353555555555535
535555553535555353555535555555
555555555555555555553333533555
553555535535555353555535555555
553555535535555353555555555535
555535535355353555555555535555
555535535355353555535555555555
555555555535555555333355555355
555355535535353555555555535555
553555555355555533555355553555
555555555535555555553333553555
555555555533555535555335555535
555555555533555335555535555535
535535555355353555535555555555
555555555533555535555535555335
535535553555555353555535555555
555555555555555555553333353555
555555555555555555553333335555
555555555535333353555555555555
555355353555535555553555535555
555355355355533555355555555555
553553553555555335555553555555
355355555355533555355555555555
555355355355533555555555355555
553555553553555335555553555555
555555555553335555553355555535
555555555535335353553555555555
553555553553555335555555555553
553555555353555535555355555535
555555555533553535555535555535
555555555553335335553555555555
555555555553335555553555555335
555555555533555535555535553535
555555555535555555333355555535
555555555535335555553555555353
555555555553533335355555555555
555555555555555555553333535553
555555555533555535555535535535
555555555533555535355535555535
555555555555555555533335355553
555555555555555555533335535553
555555555533555535555535355535
555555555533555535535535555535
555555555535555555553333535555
555555555533535535555535555535
555555555533555535553535555535
555555555533553535555355555535
555555555555555555533335355535
555555555535355553533555555355
555555555533555535553355555535
555555555535355555533553555355
555555555535535353353555555555
555555555553535555553355355535
555555555535535555353555555353
555555555553535335553555355555
555555555553535535553355555535
555555555553535555353555555335
555555555553535555353355555535
555555555533535555353555555355
555555555553353535555355555535
555555555535535353553555355555
555555555553535335353555555555
555555555535535353553555553555
555555555553535535555335553555
555555555533553355555535555535
555555555553535335553555553555
555555555533535355553555553555
555555555533555355353555555355
555555555533555355555355353555
555555555553355535553355555535
555555555533555355553555353555
555555555533555355535355553555
555555555533535355555355553555
555555555533535355553555555355
555555555533555355555353553555
555555555535555353553555353555
555555555533555355553355555535
555555555533553355555355555535
555555555535555353555353553555
555555555535355353553555553555
555555555535355355533555555355
555555555535553353535555553555
555555555535555353533555553555
555555555533555355553555555335
555555555533555355555335553555
555555555533555355355355553555
555555555533553355535555553555
555555555533555355533555553555
555555555553355535555335553555
555555555535355555533555555335
555555555553355335553555553555
555555555535555353555355533555
555555555533555355353555553555
555555555535353555533555555355
555555555535335555533555555355
555555555535555353553355535555
555555555535555353353555553555
555555555533555355553355553555
555555555535555553555335533555
555555555533553355555355553555
555555555533555353553555553555
555555555533553355553555555355
555555555533555355553555553355
555555555533555335553555553555
