333533333333333533333333333333
335333333333333333335333333333
335333333333333333333333335333
333533333333333333333533333333
333533333533333333333333333333
333533333333333333333333333533
335333333333335333333333333333
335333335333333333333333333333
333353333333333333333333333353
333333353333353333333333333333
333333335333335333333333333333
333333353333333333353333333333
353333333333353333333333333333
333353333353333333333333333333
333333353333333333333333353333
353333333333333333333333353333
353333353333333333333333333333
333353333333333333333353333333
355333333333333333333333333333
333333353333335333333333333333
333353333333333353333333333333
353333333333333333335333333333
333533333333333333333333335333
335333333333333533333333333333
333333335333333333353333333333
353333333333333333353333333333
353333335333333333333333333333
335333333333333333353333333333
333333355333333333333333333333
335333333333333333333333353333
333333353333333333333333335333
333333335333333533333333333333
335333333333333333333333333533
333533335333333333333333333333
353333333333335333333333333333
353333333333333533333333333333
335333333533333333333333333333
333533333333335333333333333333
333333353333333533333333333333
353533333333333333333333333333
353333333333333333333333335333
333533333333333333353333333333
333333353333333333335333333333
353333333333333333333333333533
333333335533333333333333333333
333353333333333333333533333333
333533333333353333333333333333
333353333333333533333333333333
333333353533333333333333333333
335333333333333333333533333333
353333333533333333333333333333
335533333333333333333333333333
333333353333333333333333333533
333533333333333333335333333333
353333333333333333333533333333
333533333333333333333333333335
333335333333333533333333333333
333353333333333333333333333335
333533333333333333333353333333
333553333333333333333333333333
333353333533333333333333333333
333335333333333335333333333333
333533333333333333333333333353
333353333333333333333333335333
335333333353333333333333333333
333333533333333333333333533333
333533353333333333333333333333
333353335333333333333333333333
333533333333333333333333353333
335333333333333333333353333333
333333353333333333333533333333
333333533333335333333333333333
333335333333333333333333333335
533333333333333333333333533333
535333333333333333333333333333
333333335333333353333333333333
335333333333333333333333333353
533333533333333333333333333333
333353333333335333333333333333
333335333333333333333333333533
333333533333533333333333333333
335353333333333333333333333333
333353333333333333333333333533
333335333333333333333353333333
333333335353333333333333333333
533333333333533333333333333333
333335333353333333333333333333
333333533333333333333333335333
333535333333333333333333333333
333333535333333333333333333333
335333333333333333333333533333
533333333333333333333333335333
333335333333333333333333333353
533333333333335333333333333333
333335333333333333333533333333
333333533333333333335333333333
335333333333333353333333333333
533333333333333333533333333333
333333533333353333333333333333
333335333335333333333333333333
353333333333333333333333533333
553333333333333333333333333333
333333353333333333333333533333
333333533333333333533333333333
533333333333333333353333333333
333335333533333333333333333333
333533333333333333333335333333
333353533333333333333333333333
333353333333533333333333333333
533335333333333333333333333333
533333333353333333333333333333
333335333333533333333333333333
333333533333333333333353333333
333333533353333333333333333333
533333333333333333333353333333
333333533333333333333333333335
333335333333333353333333333333
333355333333333333333333333333
333335333333333333333335333333
533333335333333333333333333333
533333353333333333333333333333
333333533333333333353333333333
533333333333353333333333333333
333333533333333333333333353333
333353333333333333335333333333
335333333333333333533333333333
333333553333333333333333333333
333333335333333333533333333333
333333353333333333533333333333
533333333333333333335333333333
333353333333333333333333533333
353333333333333333333353333333
333333533333333335333333333333
533333333333333335333333333333
533333333333333333333333353333
353333333333333333533333333333
333333353353333333333333333333
333353333333333333333333353333
333353333333333333533333333333
333335333333333333333333533333
333353333333333333333335333333
353353333333333333333333333333
533333333335333333333333333333
533333333333333333333333333335
333333353333333353333333333333
333335333333333333333333335333
533333333333333333333333333353
333533333333533333333333333333
333333533333333353333333333333
333353353333333333333333333333
353333333333333353333333333333
333333533335333333333333333333
533333333333333333333335333333
533533333333333333333333333333
333333353333333333333353333333
333333353333333335333333333333
333333533333333333333335333333
333533533333333333333333333333
333335353333333333333333333333
353335333333333333333333333333
533333333333333533333333333333
333333353333333333333333333335
333533333333333333333333533333
333335333333333333533333333333
353333333335333333333333333333
333335333333333333353333333333
333333533333333533333333333333
333333533333333333333333333533
533333333333333333333333333533
335333333335333333333333333333
335333333333333335333333333333
333335333333335333333333333333
335333333333333333333333333335
333333335333333335333333333333
333333335335333333333333333333
353333333333333333333335333333
333353333333333333353333333333
333335335333333333333333333333
333335333333333333333333353333
333333353333333333333333333353
333353333333353333333333333333
353333333333333333333333333335
353333333353333333333333333333
333333533533333333333333333333
333333353335333333333333333333
333335533333333333333333333333
353333333333333335333333333333
333333533333333333333333333353
533333333333333353333333333333
353333333333333333333333333353
333335333333353333333333333333
533333333333333333333533333333
333333353333333333333335333333
533353333333333333333333333333
533333333533333333333333333333
333533333333333333533333333333
333333533333333333333533333333
335335333333333333333333333333
335333333333333333333335333333
333335333333333333335333333333
