553535333333335355553555333353
535355333333553533555355353333
535355333333553535555353353333
553535333333535355353555333353
333353553553555353353533333355
333355553553555353353533333353
553333355355353555335353353333
353333355355353555335353553333
333353335533555353553555333353
353333335533353555555355353333
353333355353353555335355553333
553333355353353555335355353333
333353353553555353553533333355
333355353553555353553533333353
353333335555353533555355353333
333353335533553555555353353333
353333335533555355353555333353
333353555533335353553555333353
353353335533355353553555333353
353333335535555353353555333353
353353335533355353353555533353
333353535533353555555353353333
353353335533353553555353353335
353353335533353553555355353333
333353535533355353553555333353
353333335535353553555355353333
335355353533555353553533333353
353553555335353333335553533335
355353533555333353355533533335
335353353533555353553533333355
353533335353353555335355553333
553533335353353555335355353333
333353335553553533555353353335
335553333353553533555353353335
355535333333335355553555333353
353333335553353535555355353333
335553333353553533555355353333
333353335553553533555355353333
353333355533335355553555333353
355533353333335355553555333353
335535333333353555555355353333
355533353333335355353555533353
535533333333555353553555333353
353333555335353553535335553333
353333355533335355353555533353
333353355533535353553555333353
333353535553353533555355353333
535553333353353533555355353333
353333355535335353553555333353
355535353333335353553555333353
333353533555355353533535333355
535553333353353533555353353335
333353535553353533555353353335
355535353333335353353555533353
353333355535335353353555533353
353333533533535355553555333353
533535333333535355553555333353
553333533533535355353555333353
353333533535535353553555333353
353333335533355355353555533353
333353553555555353333333335553
353333555355353555333333355533
333355535335353535555353353333
553333533535535353353555333353
353333335533355355553555333353
535335333333553535555355353333
333353335533553553555355353333
553333555335353553335335353335
333353535533353553555353353335
335335333355553535555353353333
333353335335553535555355353333
533533553333535355353555333353
333353335533553553555353353335
333355533555355353533533533353
353333335355353535555355353333
333353553533535353553555333353
333353535533555353353555333353
333355335335553535555353353333
333353535335353535555355353333
335355353533555353353533533353
353333555353533555333353355533
353335555353353533535553333353
335353353533555353353533533355
353335555353353533333353535553
535533333333553553555355353333
353333335535353555555353353333
335535333333355355553555333353
333353535533353553555355353333
353333335535355353553555333353
553533335353353555335353353335
353333335535355353353555533353
333355553555335353553533333353
533535553333535353353555333353
353533335353353555335353553335
535335333355353535555353353333
353333555355353533333353535553
333353553555335353353333355535
333353553555335353355535353333
555533333333535353553555333353
353333555355353533535553333353
335353533335353535555355353333
353333335353353555555335553333
553333555355353533335355353333
335355533335353535555353353333
355355533555333353555533333333
353533533335535353553555333353
553533533335535353353555333353
533353353555335353353333355535
533353353555335353355535353333
555533333333355353533555333355
535353553555333353555533333333
353533535353353555335355353333
353535555355353333335555333333
335353353535555353553533333353
333353353533555353533555333355
355533333333555353553555333353
553333555335353555335533353333
333353533555555353333333355553
333355533555555353335533333353
535335353533555353553533333353
355533333333355355553555333353
353333555335353555333333355553
533335355353533555333353355533
333353335533555353533555333355
355353553555333353555533333333
555533333333355353553555333353
533535335353353555335355353333
353333335533353555555335553333
353553555355353333335555333333
533353353555335353355533353335
333353553533355353553555333353
353333335355353553555355353333
333355353553555335353333335553
553333355353533555333353355533
355535333333355353533555333355
353335555353353533335553533353
353333555355353533335553533353
333353553555335353355533353335
535553333333353553555335553333
355535333333355353553555333353
333353533533555353533555333355
353333335335353555555335553333
353353355533335353553555333353
335535353333355353533555333355
535553333333353553555355353333
353353355533335353353555533353
535533333353353553555335553333
353353335553353533555353353335
353333555353353555333333335555
353353335553353533555355353333
555353353555333353555533333333
353555555353353333335555333333
535533333333535355553555333353
353333555355353555333333335553
355533333333555353533555333355
553333555355353553335335353333
335535333333553535555355353333
535535333333535353553555333353
333355553555355353533533333353
535535333333353535555355353333
333353553555555353333333355533
553333555335353555335335353333
333355533555555353533533333353
333355533555555353353533333353
553333555335353555335353353333
353333555335353555335535353333
333353533555555353535533333353
353533535353353555335353353335
353555353353353533335553533533
555353353353335353355533335335
335353353535555353353533533353
533355533555355353533533333353
333353533555355355333333355535
553335555335353553335335353333
353333555335553553333333535553
553333555353353555333333355533
553333555335353553333333535553
333355533555355353333333355535
333355353555555353333333335553
553333555335353553535553333333
333355533555555353333333335553
333355533555355353355535333333
353353555335353533333353535553
353353555335353533535553333353
353355335533353333555355353533
353353533555335353355535353333
553353335533333353553555335353
353353533555335353353333355535
353353533555555353335533333353
353353555335353555335533353333
353353533555335353355533353335
353353555335353533335553533353
353533555353553355335533333353
335353353555553355335533353333
355355353353535553353533333353
355353353353535553353533333355
353553353353355535335353553333
553553353353355535335353353333
335553353333355335533555353353
355533333353533553555335353353
