333333333333333333333333335333
335333333333333333333333333333
333333333333335333333333333333
333335333333333333333333333333
333333333333333333353333333333
333333353333333333333333333333
333333333333333333333333333335
333333333353333333333333333333
333333333333333335333333333333
333333333335333333333333333333
333333333333333333333335333333
333333333333333333333533333333
333333333333333333333353333333
333533333333333333333333333333
333333333333333333333333333353
333333333333533333333333333333
333333333333333333333333333533
333333333333333333335333333333
333333333333333333333333533333
333333333333333533333333333333
333333333333333353333333333333
353333333333333333333333333333
333333333533333333333333333333
333333333333333333533333333333
333333533333333333333333333333
533333333333333333333333333333
333353333333333333333333333333
333333333333333333333333353333
333333333333353333333333333333
333333335333333333333333333333
