553333333333353333333333353333
553333353333333333353333333333
553333333333333333353333353333
553333353333333333333333353333
553333333333353333353333333333
535333335333333333335333333333
535333333333335333333333335333
535333333333333333335333335333
535333333333335333335333333333
535333335333333333333333335333
333333333333333333333555335333
333333333335333353333353333353
333353333353333353333335333333
333333333333333333555333333533
335333333555333333333333333333
353333335333353333533333333333
353333353333353333533333333333
333333533333353333353333353333
333333533333353333335333353333
333533555333333333333333333333
333333333333333335333553335333
333533335333553333333333333333
333333333335333353333533333353
333533333353333353333335333333
335333333535333353333333333333
333353333533333353333335333333
335333333533333353333335333333
335333333533333355333333333333
335333333553333335333333333333
333333333333533333355333333533
333533335333353333533333333333
333533535333353333333333333333
335333353333353333533333333333
333533355333533333333333333333
335333335333353333533333333333
333533333533333353333335333333
535333333333333553333333333333
535533333333333333333333333353
535333533333533333333333333333
533535333333333333333353333333
535333333353333533333333333333
535353333333333333333533333333
535333333333333333333553333333
535333333333333533333353333333
535333333553333333333333333333
533553333333333333333333335333
535533333333333333333353333333
533553333333333333335333333333
553333335333333353333333333333
553353333333333333335333333333
553333333333333353333333335333
535333333333333333333353353333
535333333333333353353333333333
553333335333333333333333333353
553333333333333333333333335353
535333333333333333333333353353
553333333333335333333353333333
553333333333333333333353335333
553333333353333333333333335333
553333333353335333333333333333
533553333333333333333335333333
535353333333333333333333333533
535333333533333333333353333333
535333333333333333333333333553
535333333353333333333533333333
535333333353333333333333333533
535333333333333333333533333353
535333333533333333333333333353
535333333333333533333333333353
553333533333533333333333333333
535333333333333333353333333353
553333333333333333335353333333
535333333333333333353353333333
553333333333335353333333333333
553333333333335333333333333353
533553333333333333333333333335
555333333333333333333333333335
553333335333333333333335333333
553333333333333333335333333335
535333333333333335353333333333
553335335333333333333333333333
553333335335333333333333333333
535333333333333533353333333333
553333333335333333333333335333
553333333333333335333333335333
535333333335333333353333333333
553333335333333333333333333533
535333333333333333333333353533
553333335333333533333333333333
553333333533333333333333335333
553333333333335533333333333333
553333333533335333333333333333
553333333333333533335333333333
553533333333333333333333335333
553333533333333333335333333333
553333333333335333333333333533
553333333333333333335333533333
535333333333333333353333333533
553333333333333353335333333333
553333333333335333333333333335
553333333333333333335533333333
553333333333333335335333333333
535533333333333333333333353333
535333333333333333353533333333
553333533333333333333333335333
535333533333333333353333333333
553333335533333333333333333333
553333333333333333333335335333
553333333333335335333333333333
535533333333333333353333333333
553333333335335333333333333333
535333333333333333333333553333
535333333333333333553333333333
535335333333333333353333333333
553335333333335333333333333333
553333333333333333333333335335
535333333333333335333333353333
533535333333333333333333333353
535335333333333333333333353333
553333333335333333335333333333
553333333333335333333335333333
553335333333333333333333335333
553333333333333333333333535333
535333333333333333353333333335
535333333533333333353333333333
535333333333333333353335333333
553333333333333333335335333333
553333333333333333333333335533
553333333333335333333533333333
553335333333333333335333333333
553533333333333333335333333333
553333333333333333333533335333
553333333333333533333333335333
553333333333333333335333333533
535333333333333533333333353333
553333335333333333333533333333
535333333333333333333533353333
553333333533333333335333333333
553333335333333333333353333333
535353333333333333353333333333
553333333333333333335333333353
553333335333333333333333333335
535333333533333333333333353333
535333333333333333333335353333
535333333333333333333333353335
553333335333333335333333333333
553333353333333333333333335333
555333333333333333333333333353
535333333335333333333333353333
553333333333333333335333353333
553333333333333333535333333333
553333533333335333333333333333
535333333333333333353333353333
553333355333333333333333333333
553333333333535333333333333333
553333333333355333333333333333
553333535333333333333333333333
553333335333333333333333533333
553333333333335333333333533333
535333533333333333333333353333
535333335333335333333333333333
553333333333333333335333335333
553333335333333333335333333333
535333335333333333333333353333
553333333333335333335333333333
553333335333335333333333333333
535333333333333333333333355333
553333335333333333333333335333
553333333353333333335333333333
533555333333333333333333333333
535333333353333333353333333333
535353333333333333333333353333
535333333333333333335333353333
535553333333333333333333333333
553333353333335333333333333333
553353333333333333333333335333
535333333333333353333333353333
553333353333333333335333333333
553333333333333333355333333333
553333335353333333333333333333
553333335333333333333333353333
553333333333333333333333355333
535333333333333333355333333333
553333333333335333333333353333
535333333333335333353333333333
553333533333333333333333533333
553333333333333333533333533333
553333533333333333533333333333
535333335333333333353333333333
553333333333335333333333335333
553333333333533333533333333333
535333333333335333333333353333
555333333333333333333333333533
553333353333353333333333333333
535333333333533333533333333333
535333533333333333533333333333
535333533333333333333333533333
535333333333333333533333533333
535333333333533333333333533333
553333333333533333333333533333
