535355353535555355553533333355
553535535353553555335355553333
553333555533333355553555555353
333355335555553333555355353555
555353553555333355555533553333
353555555355553333335555333355
553333555535333353553555555353
333355535555353333555355353555
533335535555353333555355353555
533335555535333353553555555353
553333335555553333555355353555
553333535555353333555355353555
333355555535333353533555555355
333355555533333355553555555353
533335555533333355553555555353
533335335555553333555355353555
553333535555353333555335553555
333355535555353333555335553555
333355555535333353553555555353
553333555535333353533555555355
533335535555353333555335553555
553333555355353555333355555533
555535333355553555555353353333
335555553333555355553555333353
533335555535333353533555555355
535555553333555355353555333353
333355553555555353553333335555
333355353555555353553333535555
555533333355553555555355353333
553333555353353555333355555535
555355533555333353555535533335
553555555335353333535555533335
533335353555555355553333335555
533335555353553555333355555533
553333555353553555333355555533
335555553333555355353555333355
333355353555555355553333335555
555533333355553555555353553333
535555353333555355353555333355
333355553555555355353333335555
535555553333555353353555333355
333353553555555355553333335555
555535333353553555555353553333
553333555355553555333353555533
555533333355353555555355553333
335555553333555353553555333355
353333555355553555333355555533
555535333355353555555353553333
333353353555555355553333535555
353333555353553555333355555535
553333555353353555533335555535
333355553555555353533335335555
553333555355353555533335555533
333355353555555353533335535555
553333555355533555333353555535
355555533335555353533555333355
333355553555555335353333535555
333355533555555353533335355555
553333555335353555533335555553
555553533335353555555335553333
553355555335353535535553333355
553553555335355335533555553333
355355533555533553555335333355
553355533555535353355535553333
535355353555555335553533333355
553535555353533555335355553333
553355555335353533535555333355
553355533555335353553333555535
535555333355553535555355353333
553355555335353533333355535555
553355533555335353555535553333
555535553333535355553555333353
535555333355553555555353353333
535553333355553555555355353333
555535553333555355353555333353
355535553333555355553555333353
535535353333555355553555333355
535535333353553555555355553333
553333555335353555333353555555
555553333355553555555335353333
355555553333555355533555333353
553333555335353555333355555553
555535553333355355553555333353
535555333355553553555355353333
555535533335555353553555333353
553353533555335355553333555535
553333535555353555555335553333
333355555535555353533555333355
353355555335553533333355535555
535535553333555353553555333355
535535333355353555555355553333
553333335555553555555355353333
333355553555555353533335555533
553333555355353555533335335555
333355555533555355553555333353
535555333353553555555355353333
333355555535555353553555333353
555535353333555355553555333353
553535553333555355553555333353
535355333355553555555355353333
335555333355553555555355353333
553333555533555355553555333353
535353553555355335533335353555
353333555355553555335555333355
555533553333555355553555333353
353333555355553555333355335555
555535533335555353533555333355
353535555355533553533335555353
355535353333355355353555555353
333355535555353555555355353333
535553333353553553555353353555
533335335555553555555355353333
355555553333555353533555333355
553333555335353555533335535555
535555333355353555555355353333
353333555335553555333353555555
555535553333555353553555333353
555553333355353555555335553333
535555353355555335553533333355
553333555535555353553555333353
553333555335353555535555533335
353333555335553555333355535555
353333555335553555333355555553
555535553353533555335355553333
553333555535555353533555333355
535555333355353555555335553333
553333555335353555535555333355
555535553333555353533555333355
553535535335533553333555555353
535355533535355335555333353555
353353353555535355533533555355
353355353555535353533533555355
353353555353553535335335553555
353553555355553355335535553333
355355553555553353535533333355
553353555353353535335335553555
355353553555553355535533333355
553353555335353555535535553333
553355555335353555535533553333
553553555355353355335535553333
533535535335333553553555555353
535355533535355333555335353555
535335533535355333555355353555
553535535335333553533555555353
353355533555555353535535333355
553355533555555353335535333355
553553555335353553335553355335
355355533555355353355533533553
335355535533353553555353553553
553533335535355353353555355355
535355335533353553555353553553
553535335533355353353555355355
533535353553335355355535355355
353353553555555355535533333355
553353553555555355335533333355
353355555355553555335533553333
535335355353553533535553553553
555353553555553355335533333355
555353553555553355335533553333
553355553555555353335533333355
353353555355553555335535553333
555355553555553353335533333355
353355553555555353535533333355
353555555355553355335533553333
353355555355553555335533333355
553353553555555355335533553333
553353555355353555335535553333
353555555355553355335533333355
553555555355353355335533553333
553355555355353555335533553333
535355535535353353555333553553
553535535535353353333555355355
533535535355353533555353553553
535335553535335353353555355355
535335353555553333535555553353
533535555353333355555535353355
335355355353553533535553553553
553533353553335355355535355355
533535335535355353353555355355
535335535533353553555353553553
353553555355553333535555333355
355353553555333355555535553333
553553555355553333335555333355
355355553555333355555533553333
533535555355333353555535553353
535335553555353333535555353355
535353535533353553555353553553
353535335535355353353555355355
535555553333355335533555353355
353535353553335355355535355355
555535333355533553555335553353
535353355353553533535553553553
353533553553335355355535355355
335353355355553533535553553553
355335553555333355555553553333
533553555355553333355555333355
533553555355353333555555333355
355335553555333353555555553333
535335353555553333535553553355
533535555353333355355535553355
