553333555335353553335335353333
333355533555355353533533333353
553333355353353555335353353333
333333553533335355553555333353
333333335355553533555355353333
553533333333335355553555333353
335355333333553533555355353333
333333553533535353553555333353
333353353553555353353533333355
353333355353353555335353553333
333355353553555353353533333353
333333335355353535555355353333
553535333333335353553555333353
535355333333353533555355353333
335355333333353535555355353333
333333553535335353553555333353
333333535355353533555355353333
553533333333535353553555333353
553533333333535355353555333353
333333553533535355353555333353
333333335355553535555353353333
335355333333553535555353353333
333333535533535353553555333353
333333335535353535555355353333
535355333333353535555353353333
333333555353533555333353355533
333353335533555353353555333353
333333355533355353533555333355
535353333333553535555353353333
333333335553353553555335553333
355533333333355353533555333355
335553333333353553555335553333
333333353555555335353333335553
333333535355353535555353353333
553535333333535353353555333353
333333553535535353353555333353
353333335533353555555353353333
355533333333355353553555333353
335553333333353553555355353333
353535333333535355353555333353
333353533555555353333333355533
353333555335353555333333335553
535533333333535353553555333353
353353335533335353353555533353
335535333333353535555355353333
353353335533353533555353353335
353353335533335353553555333353
353353335533353533555355353333
335533333333353555555355353333
333333335533353555555355353333
333333335533555353553555333353
335533333333555353553555333353
335555333333353533555355353333
353533555355353333335555333333
333333555533335353553555333353
333333335555353533555355353333
335353553555333353555533333333
555533333333335353553555333353
335535333333353555555353353333
333333535533555353353555333353
333333335535353555555353353333
535533333333555353353555333353
333353353553555335353333335553
335335353533555353553533333353
533533335353353555335355353333
353333355353533555333353355533
535533333333355353553555333353
333333535533355353553555333353
335535333333353553555355353333
333333335535353553555355353333
333333533533535355553555333353
333333535335353535555355353333
333333335335553535555355353333
333355533555355353355533333333
553333555335353553335553333333
553333555335353553333333335553
333333533535535353553555333353
333355533555355353333333355533
355533333333555353353555333353
333353353555555353333333355533
353333555353353555333333335553
335553333333353555555353353333
335553333333553533555355353333
553353353533335353355535335333
353353353533335353355535535333
355533333333335355553555333353
333333335553553533555355353333
333333335553353535555355353333
333333355533335355553555333353
335553333333353535555355353333
335535333333555353353555333353
533533333333535355553555333353
333333355535335353553555333353
333333335533553555555353353333
353353335353353533535553333535
333333355533535353553555333353
353355335353353533535553333533
335533333333555355353555333353
355533333333535353553555333353
335335333333553535555355353333
355535333333335353553555333353
333333335535555353353555333353
335533333333553555555353353333
333333535533353555555353353333
533535333333535353553555333353
535533333333353555555353353333
333333535553353533555355353333
535335333333353535555355353333
333355533555355353333333533553
333333335533555355353555333353
535553333333353533555355353333
333333335533553553555355353333
335335353533555353353533533353
535533333333353553555355353333
335533333333553553555355353333
533533335353353555335353353335
553333555335353553333333355335
333333335533355355553555333353
333333535533353553555355353333
353333555335353555335533353333
335533333333355355553555333353
333353533555555353335533333353
335535333333355353553555333353
333333335535355353553555333353
333333353553555335553333335553
333333355353533555333355355533
353333555335353553535553333333
353333555335353553333333535553
333333553553555335353333335553
333333355355533555333353355533
333353533555355353333333355535
333353533555355353355535333333
353333555353353555333333355533
353333555335353555333333355533
333353353555555353333333335553
335535333333335355553555333353
333353533555555353333333335553
353553555353353335335553333333
535533333333553533555355353333
355353353555533353355533333333
333535333333535355553555333353
333333353533535353553555533353
535333333333553535555355353333
335353333333353535555355353335
353533333333535353553555533353
333333335353353535555355353335
333535333333355355553555333353
535333333333553553555355353333
533335353555335353355533335333
333333535353553555335353553333
533335555353353533335553333533
333333353535555355353533333355
333333353533555355553533333355
333333353553555335353553533335
333333335353553555335355553333
333353533533355353353555533353
333333355353533555355353533335
333333353555555335353533333355
333353555353353533335553333535
353333353555335353355533535333
553333353555335353355533335333
333333555353533555335353553333
333355555353353533335553333533
333353533555555353355533333333
353333555335353555335553333333
533533353333555355353555333333
335335333353553555555353333333
333353553533335553333553355335
353333335355355533355333533553
333333353553555335353333533555
333333355353533555333353555335
333353533553355353355535335333
333333355353553555335353553333
333333355533355353553555333353
333333335553353553555355353333
333333353553555355353533333355
333333353555555353353533333355
333333555353353555335353553333
333353533533555353333555333355
333333335355553555335353553333
335355335333353535555353353333
333333553533555355353533333355
533333553533535353353555333353
353533533333535353553555333353
333353533555355353355533333335
353355353533335353355533535333
553355335353353533335553333533
553353335353353533335553333535
553355353533335353355533335333
355335353353535553353533333353
533553353353355535335353353333
353333355335533555333333355355
355335353333533555355355333333
333353533553555335333333553553
533553333353555335553553333333
353333355335533555355355333333
333553553353355535335353353333
333353533553555335553553333333
355333353355535553353533333353
353355355335533533355353333353
