553555535533355355553555333353
555355335535553553555355353333
555355535535353553555355353333
553555535535355353553555333353
535355535533353553555353553553
553535335535355353353555355355
555535553333555355553555333353
535555333355553555555355353333
555355335533553333555355353555
355555335535353333555355353555
555553535533333353553555555353
555355335533553555555355353333
553555335533555355553555333353
553555335533333355553555555353
555355535533353555555355353333
553555335535555353553555333353
553555335535333353553555555353
555355535533353333555355353555
553535353553335355355535355355
535355355353553533535553553553
553555535533333355353555555353
555355335535553333555353353555
553555535535333353353555555353
555355535535353333555353353555
355355335555353333555335553555
553553555533333353533555555355
555335535535333353553555555353
555355335535553555555353353333
533555535535353333555355353555
555353335535553555555355353333
553555535533555355353555333353
353555535533555355553555333353
355555553533535355553555333353
555553335355553535555355353333
353555535535555353553555333353
555355535535353555555353353333
555353535535353555555355353333
555553535355353535555355353333
553555535535555353353555333353
355555553535535353553555333353
553535555355355353533555553333
555535333355353555555355553333
555355533555333353555533553553
553555555335353333335555355355
553535553333335355553555555353
553553555355355335533555553333
553355555355353535535553333355
553355553555535353355535553333
555535333355553555555355353333
553555555355353333535555333355
555355533555355353533535533355
553555555335353553535335553335
553555555533335355553555333353
555535333353553555555355553333
535353335553553533555355353555
535553335353553533555355353555
553555555535335353553555333353
553555555355353333535555533335
535355335553553533555353353555
553535355533335355353555555353
355535353533335355553555555353
353535355533335355553555555353
553555335335553553333555555353
553555335335333553553555555353
555355533533355355555333353555
553553333555555355553333335555
555355533555355353355533533553
555355533533355333555355353555
555535335535553535555355353333
553555335335553553555355353335
555555553535335353553555333353
553555555335353553335553355335
553553555533333353553555555353
553535555353553555335355553333
553535555355353333335555355535
555333335555553333555355353555
553553555355353333335555355535
553553555335353333335555355555
555333555533333355553555555353
553555555353353333335555355535
535535535355353533555353553553
555535535535353535555355353333
555333555535333353553555555353
555535333353553555555355353335
553553335553553533553353553555
553555555355353333335553355535
553555555355353333335555555333
555333535555353333555355353555
535535553535335353353555355355
555533333355553555555355353335
555353335355533535535553535535
353555553533535335355535535535
553555535335353553555355353335
553553333555535355553333555535
355353535355533535535553535535
555553355533333353533555555355
353553553535535335355535535535
553553535553553533553353353555
553555535335353553555335553335
553535553333555355333555555353
555333555535333353533555555355
553555555335353333535555555333
555555553535535353353555333353
535335353555553333535555553355
553555555335353333535555333555
553353553555535353335533555355
555333535555353333555335553555
553553555353353533335553555355
555533555533333353553555555353
353355555355353535335533553555
553555555335353333335555355535
555333555353553555333355555533
555335535533353553555353553553
533555335535355353353555355355
555535333353353555555355553335
555535333353553555555353555333
533535555353333355555535553355
555333555355553555333353555533
355335555355353535335533553555
555335535555353553555335553333
533553553555535353335533555355
555533555533333353533555555355
553555555335353333335555335555
533535535535535353533555355355
553553555533555353533555333355
353535535535535353533555535355
553535535535535353533555335355
555333555355533555333353555535
555535333353533555555355555333
553355553555535353335533555353
555533533355353555555355553333
535353535535353535555335553535
555535533355353555555353553333
535355535535353535555335553533
553355555355353535335533353555
535335535535353535555335553553
553535335535535353533555535355
555535553353553555335355553333
335555355353553533535553553553
535355535533353535555335553535
553553553555555355335533333355
553555555353353533335553355553
555533353553335355355535355355
553535535533555355333555553353
553553555335353555335335353555
553535553535335353353555355355
535355535355353533555353553553
553553555335355335533555553335
553553353555535353335533555355
555535553533535355333555553353
553553533555335355553333555535
555533555353533555333353555535
553535555533535355333555553353
553555535533355355333555553353
553553555355353355535535553333
553555555335355335533555553333
553555535335353555555335553333
553555555355353355535533553333
553355555335353535535553533355
553553553555355353535533335355
553535555355353555335355553333
553355533555535353355535553335
553553355335533335553555555335
553555555355353355335535553333
553555555355353355535533333355
553535555335353555335353353555
553555535535355353333555553353
553553353555555353535533335355
553555555355353555335335553333
535353535535353553555353553553
353535535535355353353555355355
553535535533535353533555535355
533535535535535353353555535355
535335535535353535555353553535
553555555335353555535335553333
553553555355353355335535553335
533535555353333355555535355355
533535555353333355555535535355
535335353555553333535555553553
535335353555553333535555553535
535355353555553333535555553353
553535555353333355555535353355
353535555353333355555535553355
535355353555553333535553553355
535353353555553333535555553355
553553555355553333535555333355
553555555353353355335535553335
553535555353333355355535553355
553535555355333353555535553353
555535333355533553555335553355
555535333355553553555335553353
535335353553553335535555553355
533535355353533355555535553355
553535555353353355555535333355
553535553353555355355535333355
553535555353553355355535333355
553535355353333355553535555355
535355353553553333535355553555
535353355353553533535555553553
353535353553335355555535355355
