555555555355555555555555553555
555555555555555555553355555555
555555555555553355555555555555
555555555555553555555555555355
555555555555555355553555555555
555555555555553555555355555555
555555555555555355555555553555
555555555555555555555555533555
555555555555555555553555555355
555555555555555555555355553555
555555555355555555553555555555
555555555555555555555555553355
555555555555553555535555555555
555555555555555555553555535555
555555555555555555533555555555
555555555555555555555355555535
555555555555555355555555555535
555555555355555555555535555555
555555555555555335555555555555
555555555555533555555555555555
555555555535555555555355555555
555555555555553555555555535555
555555555535555355555555555555
555555555355555555555555555535
555555555555555355555535555555
555555555555555555555335555555
555555555535555555555555555355
555555555555555555555555555335
555555555355555555555555555355
555555555555555355555355555555
555555555555553555555555553555
555555555555555555535555555355
555555555555553555553555555555
555555555555555555555555535355
555555555555553555555535555555
555555555355555555555555535555
555555555535555555553555555555
555555555555535355555555555555
555555555555535555555555555355
555555555555555555555355555355
555555555555555355535555555555
555555555355555555555355555555
555555555555555355555555555355
555555555555555555553555555535
555555555555555535555555553555
555555555555555555555555553535
555555555555555555553555553555
555555555555553555555555555535
555555555555553555355555555555
555555555555555555555535553555
555555555535553555555555555555
555555555555555555553535555555
555555555555353555555555555555
555555555555553535555555555555
555555555555555535553555555555
555555555555555555555555353555
555555555555555555553555355555
555555555535555555555555553555
555555555555555555555555555353
555555555553555555555555555355
555555555555555355555553555555
555555555355555555555555555553
555555555553555355555555555555
555555555535555535555555555555
555555555555535555555355555555
555555555555555555535355555555
555555555555555555555355535555
555555555555555555555353555555
555555555555535555555555535555
555555555535555555555555555535
555555555555555355555555535555
555555555555555555353555555555
555555555555555535555535555555
555555555555555555535555535555
555555555555555555555535555535
555555555535555555555535555555
555555555555555353555555555555
555555555555535555535555555555
555555555555555535555555555535
555555555555355555355555555555
555555555555553555555555355555
555555555355555555555553555555
555555555553555555555553555555
555555555555555553555553555555
555555555553555555555555555535
555555555553555555555355555555
555555555555555355555555555553
555555555555555555555533555555
555555555555555555555355555553
555555555555555535555555555553
555555555553555555555535555555
555555555555555555555535555553
555555555533555555555555555555
555555555555555555355555355555
555555555555555533555555555555
555555555535555555555553555555
555555555555555553555555555553
555555555555555555555553555553
555555555535555555555555555553
555555555553555553555555555555
555555555553555535555555555555
555555555555555535555553555555
555555555555555555555555555533
555555555553555555555555555553
555555555555535555555555355555
555555555555555555535555355555
555555555555555555555555335555
555555555555535555355555555555
555555555555355555555555355555
555555555555335555555555555555
555555555555555555335555555555
555555555535555553555555555555
555555555555555553553555555555
555555555355555555555555355555
555555555555555555355555555355
555555555553555555555555553555
555555555555553555555553555555
555555555555555555555553553555
555555555555555555555555553553
555555555555555555553555555553
555555555553553555555555555555
555555555535535555555555555555
555555555555555355555555355555
555555555555555555553553555555
555555555555555555555355355555
555555555555555555535535555555
555555555555553555555555555553
555555555555553553555555555555
555555555555355355555555555555
555555555555555555555555355355
555555555553555555553555555555
555555555555555553555555553555
555555555555555555555555535535
555555555555555355355555555555
555555555555555535555555535555
555555555555355555555355555555
555555555555535535555555555555
555555555535555555555555535555
555555555555535555555535555555
555555555535555555535555555555
555555555555355555555555555355
555555555555555555355355555555
555555555555535555555555555535
555555555555555535535555555555
555555555555555555355555553555
555555555555555555535555555535
555555555555555555555535535555
555555555555555555555535355555
555555555555555535355555555555
555555555555355555555535555555
555555555535555555555555355555
555555555555355555555555553555
555555555555555555555553535555
555555555555535555553555555555
555555555555555555535555553555
555555555555535555555555553555
555555555555355555553555555555
555555555555555553555555535555
555555555535355555555555555555
555555555555555555535555555553
555555555553555555555555535555
555555555555355555555555555535
555555555555555555355535555555
555555555535555555355555555555
555555555555555555355555555535
555555555555535555555553555555
555555555555535555555555555553
555555555555355535555555555555
555555555555535553555555555555
555555555555555555535553555555
555555555553555555535555555555
555555555553535555555555555555
555555555555555535555555355555
555555555555555555555553555355
555555555555555555555555355535
555555555555555553535555555555
555555555555555555555555535553
555555555555555553555355555555
555555555555555553555555555355
555555555555555535555555555355
555555555555555555555535555355
555555555555555535555355555555
555555555553555555355555555555
555555555555355555555555555553
555555555555555555555555355553
555555555555555553355555555555
555555555555555555355555555553
555555555555355553555555555555
555555555555555553555555355555
555555555555555555555553355555
555555555553555555555555355555
555555555555555555355553555555
555555555555355555555553555555
555555555555555555355555535555
555555555553355555555555555555
555555555555555555555553555535
555555555555355555535555555555
555555555555555553555555555535
555555555555355555555555535555
555555555555555553555535555555
