555355553555555353555535555555
555555555535555353553555555355
553555555355353555535555555555
555555535555353555555355553555
555555555555555555553333553555
553555555355555355555355555355
555355555355555355555355553555
555555555555555555553333535555
555355553555553555553555553555
555535555535555535555533555555
555355555535555535555535555535
555355553555335553555555555555
555555555555555555333355555355
555535333355555555555555555555
555535555535555535555535555553
555553555535555535555535555535
555535555355555355555355555355
553555553555553555553555555355
553555555355555533555555355555
555555555555555555333355555535
555555555533555535555535555535
553555555355355533555555555555
555355333355555555555555555555
555355555355555355555355555535
553555553555553555553555535555
555535555535555535555535555355
555355553555335555555555555553
555353553555335555555555555555
555355553555335555555555355555
553555555355555533555555555553
555355553555335555555553555555
555355553553335555555555555555
555355553555335555355555555555
553555555355555533355555555555
553555553555535355355555555555
555555335555535555535555535555
553555555353355535555555555555
553555555335555553555555355555
553555553555535555355555555355
553555555355355535555553555555
555555553553555335555553555555
553555555335555553355555555555
555355553355555535555553555555
553555555355555535355553555555
553555555353555535355555555555
555355553533555555555355555555
555355553533555355555555555555
555535553553555335555555555555
555555355355533555355555555555
555555553553555335555555555553
553555555355555535555553355555
555555355355533555555555355555
555355533555355555555553555555
555355353553535555555555555555
555355553553535555355555555555
555355553555535553355555555555
553555555353555535555555355555
555355555355555535555553553555
555355533555355553555555555555
553555555335355553555555555555
555355353555535555555555555553
555353553555535555355555555555
555353353555535555555555555555
555355553535555353555555555555
555355353555535555555553555555
555355553555535555355553555555
555355553555535555355555555553
555353533555355555555555555555
555355533555355555555555555553
555355353555535555555555355555
555355533553355555555555555555
553555555353555535555555555553
553555555355555533555553555555
553555555353555535555553555555
555355353555535555555555535555
555355353555535553555555555555
555355555355553535555553555555
555355353555535555355555555555
555535553553555355555535555555
555355553553555335555555555555
555555555553553535555355555535
553555555355553533555555555555
555535555355555535555553553555
555535555355553535555553555555
555535553355555535555553555555
553555555355555535555533555555
553555555553555535555355555535
555555555553555535553355555535
555355355555535555553555535555
555355355355533555555555555555
555555355355535555553555535555
555355533555355555555555355555
555355553535555535555553555555
553555555353555535555535555555
553555555355555535555535555553
555555555555555553555335533555
555355553555535555535555355555
555555355555535555553355535555
555355533555355555355555555555
555555553553555535555355555535
555555535555555553555335553555
553555555355555533553555555555
553555555335555553555555555553
555555355555535355553555535555
555355353555535555535555555555
555355553555535555335555555555
555355555535555535555553553555
555355555535553535555553555555
553555555353555535555555555535
555355535535553555555355555555
555555555535355555533555555355
553555555335555553555553555555
555555535535553355535555555555
555535555355353555535555555555
553555555355555533555555553555
555355535535553355555555555555
555555555555355555533555555335
553555555353555533555555555555
555535555555355555533555555355
555555535535553355555555555535
555355553355335555555555555555
555555535535553355555535555555
553555553553555335555555555555
555555555553555535555335553555
555355553555335555555355555555
555355553555335355555555555555
555355553555335555555555555355
553555555335555353555555555555
555555535535553355555555535555
553555555355555535555553555553
553555555335555533555555555555
555355535355353555555555555555
553555555353553535555555555555
555355553555555355555533555555
555355353555535355555555555555
553555555355555355555535555553
555555555533555355553555555355
555555555535555353553555553555
555355335355553555555555555555
553555555355555535555553553555
553555555335555553555555553555
555355553555533555355555555555
555355533555335555555555555555
555355553555555335555553555555
555553555535555355553555555355
553555555353555335555555555555
555355553555535555355555355555
553555555355555335555553555555
553555555353555535555555553555
555355353555335555555555555555
555555355555535555533555555355
555355353555533555555555555555
553555555355533555355555555555
553555555355553535555553555555
555355553355535555355555555555
555553555535555355555355553555
553555555355555355555533555555
555355533555355555555555555355
553555555335553553555555555555
555355533555353555555555555555
555355353355535555555555555555
553555555335555553553555555555
553555553555555355555533555555
553555553555555335555553555555
555553555535555355553555553555
555355533555355555555355555555
553555555353555535553555555555
553555555355553555335555555555
555555555533555355555355553555
555355553555553555335555555555
555355353555535555555355555555
555555335555553555555355553555
555355553555535555355555555355
555355553555553555535555355555
555355353555535555555555555355
553555555335555535555553555555
553555555355553555535555355555
555355553555555355555535555553
555555355555533555555355555355
555355555355553555535555355555
555355533555535555355555555555
555355553555535355355555555555
555555335555553555553555555355
555355555355533555355555555555
553555553555535555553555553555
555555555553555335553555553555
555555535555353555555355555355
553555553555555355555535555553
555555335555553555555355555355
555555555533555355553555553555
555355533555355355555555555555
555355555355553555335555555555
555355555355555535555355555355
555355555535555355553555535555
555535555535555355553555535555
555535555355553555553555535555
555535555355553555535555535555
555535555355555355553555535555
553555553555555355553555553555
555355555355553555555355555355
