555555553355535555555555555555
555555553555535355555555555555
555555535555555555553355555555
555555555355553555535555555555
555555535355553555555555555555
555555535355555555555555553555
555555555555555355555555533555
555555535555555555555555553355
555555555355555555553555535555
555555555555555555555355533555
555555533555555555555555555355
555555535555555355555555553555
555555533555555555555355555555
555555535555553555555555555355
555555555555555355553555555535
555555535555555555555355553555
555555553555555355555535555555
555555555555553555555335555555
555555555555553555555355535555
555555553355555555555555535555
555555555355553555555555555535
555555555355555535555555553555
555555555355555555533555555555
555555555555553355555555535555
555555555535555555553555555355
555555555355533555555555555555
555555553555555555555335555555
555555555555555555555335553555
555555555555555355555535553555
555555555535555355553555555555
555555555335555555555555553555
555555553555535555555555555355
555555555555533555555555555355
555555555355555555553555555535
555555555555555355533555555555
555555555535555555553355555555
555555555535553555555555555355
555555553555555335555555555555
555555555555555555553355535555
555555555555553555555555555335
555555555535555355555555553555
555555555535553555555355555555
555555553535555555555355555555
555555553555555555555555555335
555555555355555555555555533555
555555553555535555555355555555
555555555555553355535555555555
555555533555555355555555555555
555555555355553555555535555555
555555555555553555555355555535
555555553555555555535555555355
555555553535555355555555555555
555555535555553555555355555555
555555555355553535555555555555
555555555535553355555555555555
555555555535555555555355553555
555555555555555555553555555335
555555553355555555555555555535
555555553355555535555555555555
555555555555553355555555555535
555555555555555335555555553555
555555555335555555553555555555
555555555355555555555535553555
555555553355555555555535555555
555555553535555555555555555355
555555555355555555553535555555
555555555335553555555555555555
555555555555555335553555555555
555555553555555355555555535555
555555553555555355555555555535
555555555355553555555555535555
555555555355555555555555553535
555555555535555555555555553355
555555553555555555555355555535
555555555555555555553355555535
555555555555533555555355555555
555555553555555355535555555555
555555555555555355553555535555
555555553555555555555555535355
555555555555553355555535555555
555555555555555555533555555355
555555555555553555535555555355
555555535555555355553555555555
555555553355555555535555555555
555555535355555555553555555555
555555535555555555553555555355
555555555355555535553555555555
555555553555555555555355535555
555555553555555555535355555555
555555535555553355555555555555
555555553555335555555555555555
555555555555555555555355555533
555555555553555555555335555555
555555555555555355555555555533
555555555553555555555355555535
555555555555555355555533555555
555555555535555355555555555553
555555555553555355555555555535
555555555533555355555555555555
555555555353555555555535555555
555555555553555335555555555555
555555555555555355555535555553
555555555555555335555555555553
555555555533555555555555555355
555555555553555555555555555335
555555555335555555555553555555
555555555335555555555555555553
555555555355555555555535555553
555555555535555555555355555553
555555555555555555555335555553
555555555535555555555353555555
555555555533555555555355555555
555555555535555355555553555555
555555555553555355555535555555
555555555353555555555555555535
555553555555555555555555555335
555555555555555335555553555555
555555555355555555555555555533
555555555535555555555555555353
555555335555555555553555555555
555555555555555555553555335555
555555555555533555355555555555
555555355555555555555555533555
555555555335555553555555555555
555555553555555555335555555555
555555553555555555535555355555
555555555535555353555555555555
555555535555553555355555555555
555555555355555555555533555555
555555555555553555335555555555
555555555355555533555555555555
555555553555555555555555335555
555555535555555555353555555555
555555355555533555555555555555
555555555555533555555555355555
555555555355555355555555555355
555555353555535555555555555555
555555553555535555355555555555
555555355555553555535555555555
555555555555555555533555355555
555555553555555555553555553555
555555555355555555555355555355
555555535555553555555555355555
555555555555553555535555355555
555555553555553555555555553555
555555533555555555355555555555
555555353555555555535555555555
555555533555355555555555555555
555555355555555555553555535555
555555335555553555555555555555
555555553555535555555555355555
555555353555555555555555535555
555555535555555555553555355555
555555555535555555555535555535
555555355555553555555555535555
555555555535555535555555555535
555555555555553555555555335555
555555355555555555533555555555
555555335555555555555555553555
555555535555353555555555555555
555555533555555555555555355555
555555535555555555555555353555
555555555355555535555555555553
555555555355555535555553555555
555555535555535555555555535555
555553555555555555555553555553
555555555353555535555555555555
555555535555555555535555535555
555555555553555553555555555553
555555555553555555555553555553
555555355555355555555555355555
555555355555555555355555355555
555555555555355555355555355555
555555553335555555555555555555
555555555555555555555555533355
555555555555555333555555555555
555555555333555555555555555555
555555333555555555555555555555
555555555555555355555355555355
555555555555533355555555555555
555555555553555553555553555555
555555555555555555555555553335
555555533355555555555555555555
555555555555535555535555535555
555555555355555355555355555555
555555553555553555553555555555
555555555555555555333555555555
555555555535555535555535555555
555555555555555535555535555535
555555555555555555555555333555
555555355555355555355555555555
555555555555555555533355555555
555555555555555553555553555553
555555555555555555553335555555
555555555555553335555555555555
555555555555553555553555553555
555555555555555555555555555333
555555555555555555555333555555
555555555555333555555555555555
555555535555535555535555555555
