553555555355555533555555555555
555355553555335555555555555555
553555555355555535555553555555
555355353555535555555555555555
553555555353555535555555555555
555355533555355555555555555555
555355553555535555355555555555
553555555335555553555555555555
555555553553555335555555555555
555555553555553555553555553555
555555555555533335555555555555
555555555555555555553333555555
555555555555555555333355555555
555555555535555535555535555535
555555555553555553555553555553
555555555555553333555555555555
555555555355555355555355555355
555555555555333355555555555555
555555555555555555533335555555
555555555355553533555555555555
555555555355555533555555553555
555555555355555533553555555555
555555553555335555555355555555
555555553555335355555555555555
555555553555335555555555555355
555555553553555355555535555555
555555555355553535555555555553
555555553553555355555555555535
555555555353553535555555555555
555555555355555535555553553555
555555555353555535553555555555
555555553555535555555355355555
555555555355553535555553555555
555555555355555535553555555553
555555555353555535555555553555
555555555335555553553555555555
555555553555555335555553555555
555555555553553355555535555555
555555555335555555553555555553
555555555535553353555555555555
555555555555553555555355555533
555555555353553555555535555555
555555555533555355553555555555
555555555553555335553555555555
555555555355555555553555555533
555555555335553555555553555555
555555555555553355555535555553
555555555535555353555555553555
555555555553555555553355555535
555555555533553355555555555555
555555553553555555555335555555
555555555355553555555535555553
555555555535553555555355555553
555555555353555555553555555535
555555555535555555553355555553
555555555555555335553555555553
555555555533555555555555553355
555555555355553555555533555555
555555555553553555555355555535
555555555555553555555355335555
555555555533555555553555555355
555555555355555555533555355555
555555553555555555555335555553
555555555535555555555353553555
555555553555535555355555555355
555555555355555555553535555553
555555555535555353553555555555
555555555335555555555555553553
555555555555533555555355355555
555555555355555555553555335555
555555555353555555555535553555
555555555555553555555335555553
555555555335555555553553555555
555555553555555355535555355555
555555553535555555555555555353
555555555355555555555533553555
555555555553555335555555553555
555555553555555355555533555555
555555555555553355555533555555
555555555553555355555535553555
555555555555555355553555555533
555555555553555555553555555335
555555553553555555555355555535
555555555555553355535555355555
555555553555555355555535555553
555555555355533555355555555555
555555555533553555555355555555
555555555335553553555555555555
555555553555555555335555555355
555555553555535355355555555555
555555553555555355555555335555
555555555535553355555553555555
555555555535555355553555555553
555555553555535355555555355555
555555555535555355555553553555
555555555555553355555555555533
555555553555555355555555555533
555555555553553555555335555555
555555555533555555553355555555
555555555355553555535555355555
555555555555555355555533553555
555555555555553355555555335555
555555555335555553555555553555
555555553555555555535355355555
555555553555555555555355555533
555555555535553555555555555353
555555555555555355533555355555
555555555355553555555555555533
555555555535555555553555555353
555555555533555355555555553555
555555555535555555555555553353
555555555335553555555555555553
555555555353555555555555553535
555555555553555355553555555535
555555553555555555335355555555
555555555553555555555335553555
555555555533553555555555555355
555555555355533555555555355555
555555553553555555555555555335
555555555535553355555555555553
555555555535555555553353555555
555555555355555555555555553533
555555555533555555555355553555
555555553555555555555355335555
555555555355553555555555335555
555555555535553555555353555555
555555555353555555553535555555
555555555553553355555555555535
555555555555533555355555555355
555555555353553555555555555535
555555555355555555553533555555
555555555555555335555553553555
555555555335555555555553553555
555555555553553555555555555335
555555553555555355335555555555
555555555355553555335555555555
555555553555555555555555335355
555555555555553355335555555555
555555555555555355553555335555
555555555555553555335555555355
555555553555535355555535555555
555555555355533535555555555555
555555553555535335555555555555
555555553555555555535335555555
555555555555553555555335535555
555555555335555555533555555555
555555555535555555533555555355
555555555535553555535555555355
555555553555555355535555555535
555555555555533555555355555535
555555553555535555555555555335
555555555555555335555555533555
555555555355555555533555555535
555555553555535355555555555535
555555555535555355553555535555
555555555555555355555535533555
555555555535553355555555535555
555555555355555555555555533535
555555553555555555535555555335
555555555535555355555555533555
555555555335533555555555555555
555555555355555535533555555555
555555555355533555555535555555
555555555555553355535555555535
555555555555533555555335555555
555555555355555535555555533555
555555555355553535555555535555
555555555355553535535555555555
555555553555555335535555555555
555555553555555555535355555535
555555555535533555555555555355
555555555355553555535555555535
555555555355555555555535533555
555555555535555355533555555555
555555555555555355533555555535
555555553555535555555335555555
555555555355555555553535535555
555555555335555555555555533555
555555555555555335553555535555
555555553555555355555535535555
555555553555535555555355555535
555555555335555555553555535555
555555555535555555553355535555
555555555535553555555355535555
555555555355555535553555535555
555555555535553355535555555555
555555555555555335533555555555
555555553555555555555555535335
555555553555555335555555535555
555555555555555555533555555335
555555555555533555555555555335
555555555355555555533535555555
555555555535533555555355555555
555555555535555555555355533555
555555555335553555535555555555
555555555355553555555535535555
555555555355533555555555555535
555555553555555555555335535555
555555555555553555535555555335
555555555555553355555535535555
