553555535533333355553555555353
555355335535553333555355353555
553555535535333353553555555353
555355535535353333555355353555
553555555355353333335555355535
555355553555333353555533535553
555553555533333353553555555353
353555555355353333335555355555
555353553555333353555533555553
355555335555353333555355353555
553555555335353333335555355555
355555335555353333555335553555
555553555533333353533555555355
555355533555333353555533555553
553553553555535353335533555355
355355555355353535335533553555
535355535535353535555335553535
553553353555535353535533555355
553535535535535353533555535355
555355335535553555555355353333
553555535533555355553555333353
355355555353353535335535553555
555355535535353555555355353333
553555535535353333555355353555
555355535535333353553555555353
355555335535553333555355353555
555355535533333355553555555353
555553535533333355553555555353
553555335535553333555355353555
555555335533553333555355353555
555555335535333353553555555353
353555553535535335355535535535
555555535533353333555355353555
555353535355533535535553535535
555555335535553333555353353555
555355533535355355555333353555
553553555533333355553555555353
555535553333335355553555555353
555555535535333353353555555353
555555535533333355353555555353
553555535335553553333555555353
553555535335333553553555555353
535555333355553533555355353555
535535535555353333555355353555
535535555535333353553555555353
535555535535353333555355353555
555555535535353333555353353555
555355533535355333555355353555
555535535535333353553555555353
353553553555535353535533555355
535555333555553555555355353333
535555333355553555555355353335
555535553333555355553555533353
355555535535353333555355353555
555535555333555355553555333353
555553535535333353553555555353
355353555355353535335535553555
355355555353353555335535553535
555355553555335353553333555535
555355553555335353555535553333
553555555355353533333355535555
555353533555355353533335555555
553553353555555353535533535355
355555535533333355553555555353
553555535533533355353555555353
355353555335353555335535553555
535355555535333353553555555353
353333555355353555335555355555
535353553555335355553333555555
355555335555353555555355353333
353553533555555353535533555355
355355555335353555335533553555
333353553555555353555533555553
553553533555555353335533555355
555355335535553335555353353555
555553555533555353553555333353
553333555355353535335555355555
355555535535333353553555555353
555553335535553333555355353555
333355553555535353555533555553
553535535555353333555355353555
553333555335353555335555355555
355535335555353555555355553333
555553555533555353533555333355
355555335555353555555335553333
535553555533555353553555333355
555353553555335353553333555555
333355533555555353555533555553
333355553555555353555533535553
553333555355353555335555355535
555355353555535353533533555355
555353353555535355533533555355
555355535535353335555353353555
553555535535533353353555555353
555355553555535353355535553333
553535335555553333555355353555
553555555355353535535553333355
535355555533333355553555555353
535355535535353553555353553553
555353553555335355553333555535
535535555353553555333355555533
555555535335333353553555555353
535535335555553333555355353555
535355355355553533535553553553
535535353555555355553333335555
553535553553335355355535355355
553553555535333353533555555355
535555335535553333555355353555
553535535535355353353555355355
535535555533333355553555555353
555535535533333355553555555353
555555533535353333555355353555
553553535555353333555335553555
553333535555353553555335553555
355355555535333353533555555355
535535535535535353533555553553
553535553535535335355535355355
535535535535353535555335355355
553553555335353553533335555555
355355555535333353553555555353
535335535535353535555355553535
535535535535535353533555355355
535535535535353535555335553553
553553535555353333555355353555
535555533335353553555335553555
553553553555555353535533335355
533335535555353553555335553555
555355533555355353555535533335
535355535355533535535553553553
555355533555355353533335555535
353553553555555353535533535355
555535533335355353533555555355
533535535535535353553555535355
533335555535355353533555555355
555355533555353333555355353555
535555535533353535555335553535
553555555335333353553555555353
535553535535353535555335553535
553553335555553333555355353555
355535535535535353533555535355
555355535355533535535553533553
355355555533333355553555555353
555535335535535353533555535355
355355555355353555335535553533
555355335355533535535553535535
553553553535535335355535535535
355353555355353555335535553535
555555533553353333555335553555
555555355335333353533555555355
553535555353353555533335555535
535355553555335353553333555555
555555355335333353553555555353
535355353555555353533335535555
553535555355353533333355555555
555555533553353333555355353555
555355533555355353353533555355
553555555355353333533555555335
555355533555355353555533533553
555355533555353333555335553555
555355553555333353555335533555
555353553555335355553333555553
553555555335353553335555355335
553555555335353533333355555555
555355533555335353553333555555
553535555353333355555535553355
555355533555355353533335555553
553553555355353533333355555555
535355353555553333535555553355
555355353555335353553333555555
553353553555535353335535555355
555355353553533335555355533555
553553555355353535333355555553
553555355353533335553555555335
533555535355353533555355553535
533555535355353533555355553553
555335553535335353553555535355
533553553555535353335535555355
553535333353555355555535553355
535355353333553555535555553355
335355355355553535535553553553
553533553553535355355535355355
535335353555553335535555553355
533535555353533355555535553355
553535555353553355555535333355
355535353553353355355535555355
553535553353555355555535333355
535355353555553355535555553333
535553355353553353535553553555
535355353355553555535555553333
535553355353553555535553553353
355535353553555355355535353355
553535353553355355355535355355
535355355353553553535553553553
535353355353553553535553553555
353535353553355355355535555355
535355535533553553555353553553
553535335535355355353555355355
535353355353553555535553553553
535353355353553535535555553553
353535353553555355355535355355
