335333353333555333353333333333
333333353333555333353333335333
333533333353333555333353333333
333333333353333555333353333533
333333333333333353333555333355
333333333333335333355533355333
333355333555333353333333333333
355333355533335333333333333333
553333555333353333333333333333
333333333333353333555333553333
333333333333333533335553333553
333553335553333533333333333333
333533335553333533533333333333
353333333333333533335553333533
335333333333333353333555333353
333333333533353333555333353333
533333333333333533335553333533
335333355533335333333333333353
333353333555335353333333333333
333533335553333533333333533333
333333533333333533335553333533
333533535553333533333333333333
333533335553333533333333353333
333533335553333533353333333333
333333335333333353333555333353
333353333333335333355533335333
335333355533335333333333333335
353333555333353353333333333333
333335333333335333355533335333
353333555333353335333333333333
353333555335353333333333333333
335333355535335333333333333333
353333555333353333333333333335
333533335553333553333333333333
353333555333353333333333333533
333353333555333353335333333333
335333355533335333333353333333
353333555333353333333335333333
353333555333353333333533333333
333533333333353333555333353333
353335555333353333333333333333
333335333333353333555333353333
335333355533335333333335333333
333353333555333353333333335333
333333353333333353333555333353
533333333333333353333555333353
353333555333353333333353333333
333353333333353333555333353333
333333333533335553333553333333
335333355533355333333333333333
333353333555353353333333333333
333333533333333353333555333353
333353333555333355333333333333
333353353555333353333333333333
353333333333333353333555333353
333353333555333353353333333333
353333555353353333333333333333
333353333555333353333333533333
333353333555533353333333333333
353333555333353533333333333333
333333335333355533355333333333
333353333555333353533333333333
333353533555333353333333333333
333533335553333533333333335333
335333355533335333333333533333
353333555333353333333333333353
333533335553333533333335333333
333353333555333353333333353333
333535335553333533333333333333
335333355533335533333333333333
333333333553335553333533333333
335533355533335333333333333333
333333333533335333355533335333
333533335553333533333333333335
333333353333555333553333333333
333533335553335533333333333333
335333355533335333333333333533
335333333333333533335553333533
335333355533335333533333333333
353333555333553333333333333333
333333533333335333355533335333
333353333555333553333333333333
333533335553333533335333333333
333533333333335333355533335333
333335333333333533335553333533
333333335333333533335553333533
333333333355333555333353333333
335333355533335333333533333333
355333555333353333333333333333
333333355333355533335333333333
333553333555333353333333333333
353333555333355333333333333333
353333333333353333555333353333
353333555333353333333333353333
333533333333333533335553333533
333353333555333353333333333353
333353333333333353333555333353
333333553333555333353333333333
333533335553333533333333333533
335333333333335333355533335333
335333355533335333333333335333
335333353333553333333333355333
335333355333553333333333353333
333533333353333355333333333553
333533333553333355333333333353
333553333353333335333333333553
333353333553333335333553333333
333553333553333335333333333353
333553333553333335333353333333
353333355333533333355333333333
355333355333533333333333353333
333353333553333335333333333553
355333353333533333355333333333
355333353333533333333333355333
333553333353333335333553333333
353333355333533333333333355333
355333355333533333353333333333
335533335533353333335333333333
335533335333353333333333335533
335533333533333353335533333333
335333335533353333335533333333
335533335533333353333333333533
335533335333353333335533333333
333533335533333353335533333333
335533335533353333333333335333
335533335533333353333533333333
335333335533353333333333335533
333533335533333353333333335533
335533333533333353333333335533
333533333533333353335533335333
335333335333353333335533333533
335533333533333353333533335333
335533335333353333335333333533
335333335533353333335333333533
333533335533333353333533335333
333553333553333333333335333353
333553333333333353333335333553
333333333553333553333335333353
333353333553333333333335333553
355333353333333333533333355333
333333353333355333533333355333
333333333553333353333335333553
333553333353333333333335333553
353333333333355333533333355333
333333333553333333333355333553
355333333333355333533333353333
333333355333355333533333353333
355333333333333333553333355333
355333355333333333533333353333
333333355333333333553333355333
333553333333333333333355333553
333353333333333553333335333553
333553333333333553333335333353
333333355333353333533333355333
355333333333353333533333355333
353333355333333333533333355333
335333333533333333355333335533
335533333333335533353333335333
335533333333333533355333335333
335533335333353333333533335333
333533335333333333355333335533
335533333333335333353333335533
335333333333333533355333335533
333333335333333533355333335533
335333333333335533353333335533
335533333533333333355333335333
333333335533333333355333335533
335533333333333333355333335533
333333335533335333353333335533
335533335333333333353333335533
333333335533335533353333335333
333533335333333333333553335533
333533335533333333333353335533
335333335333353333333533335533
333333335533333533355333335333
335533333533333353335333333533
335533335533333333353333335333
333533335533333333355333335333
335533333333333333333553335533
335333335533333333353333335533
333333335533335333333553333533
333333335333335533353333335533
335533335333333333333553333533
335333335533333333333553333533
333333335533333533333353335533
335333335533353333333533335333
333333335533335533333353333533
333533335533333353335333333533
333533333333335533333353335533
335533333333333533333353335533
333533333333335333333553335533
335533335533333333333353333533
333533333533333353335333335533
333333333533335533333353335533
333333333533335333333553335533
335533333533333333333353335533
335533333333335533333353333533
333333335533333333333553335533
335533333333335333333553333533
335333333533333333333553335533
