333333333533335553333533333333
333333335333355533335333333333
333333333353333555333353333333
333333333333333533335553333533
333333353333555333353333333333
333533335553333533333333333333
335333355533335333333333333333
333333333333335333355533335333
333333333333353333555333353333
353333555333353333333333333333
333353333555333353333333333333
333333333333333353333555333353
333353333553333335333333333533
333353333533333335333333333553
333353333553333335333533333333
333353333353333535333533333333
333553333353333335333333333533
333353333533333535333333333353
355333353333533333335333333333
333553333533333335333333333353
333553333353333335333533333333
333353333353333535333333333533
353333353333535333333333335333
353333355333533333335333333333
353333335333533333333333355333
353333353333535333335333333333
355333335333533333333333353333
353333355333533333333333335333
355333353333533333333333335333
353333335333535333333333353333
353333335335333553333333333333
333333333333333333335555353333
333353533533355333333333333333
333333333333533333355533333353
333333333333333355335533353333
333333333333553333335533333353
333333333333333333555533333353
333333333333333353335535353333
333353555533333333333333333333
353333335555333333333333333333
353333335533333355333333333333
333333333333333335335553353333
333353553533335333333333333333
353333335353333535333333333333
333333333333353333535533333353
353333335355333533333333333333
333353355533533333333333333333
333353353533535333333333333333
333353335533553333333333333333
353333335553333335333333333333
353333335535333353333333333333
333353535533353333333333333333
333533333533555333333333333333
333533555333333333333533333333
335333335333333555333333333333
335333333333333333333555335333
335333333555333333335333333333
333533333333333333555333333533
335353353533335333333333333333
335333353353335533333333333333
335333333555335333333333333333
333533555333333333333333333533
335353333535333353333333333333
335335353533333333335333333333
335333353353333533335333333333
533533335353333333333533333333
335333333555333333333333335333
333533555333333533333333333333
333533353353335533333333333333
335335353533335333333333333333
353353333533335353333333333333
335353353533333333335333333333
353353333333335533353333333333
353353333533335333333353333333
353353333333335533333353333333
353353333533335333353333333333
333533353353335333333533333333
333533335355333333333533333333
335333333555333333353333333333
533533335353333533333333333333
353353333535333353333333333333
333533333533333355333533333333
335353333335333533333353333333
353353335333333533333353333333
333533333533333355333333333533
333353335335333553333333333333
335333553353335333333333333333
335333553353333333335333333333
335335333353333535333333333333
353333333333333333333555335333
333533555333333333335333333333
533533353333535333333333333333
353353333535333333333353333333
353333335333333555333333333333
353353333335333533333353333333
335335333553333333333335333333
355333333555333333333333333333
335333335333553333333333335333
533533355333533333333333333333
533533333333355333533333333333
335333335333553333335333333333
333533353355333533333333333333
335353333535333333333353333333
353333333333333333555333333533
353333533533355333333333333333
333533555333333333333333353333
335333333555333333333333333533
333533555333335333333333333333
333533335355333533333333333333
335333333555333333333533333333
335333553533335333333333333333
335333333555333533333333333333
333533555333333333353333333333
333533353355333333333533333333
335335333553333335333333333333
335333333555333333333333353333
335333553533333333335333333333
333533555333333333333353333333
333353333333333333555333333533
333533333333333333333555335333
333553333353333353333335333333
533533355333333333533333333333
335335333333333553333335333333
333533555333353333333333333333
335333333333333333555333333533
333533555333333333333333335333
333533555333333333333333333353
333553555333333333333333333333
335333333555333333333353333333
333533555333333333333335333333
333353333353333553333335333333
333533333333333355333533333533
335333333555333333533333333333
353333355333353333533333333333
355333353333353333533333333333
535333333555333333333333333333
333353333533555333333333333333
335333333333553333335333335333
333533333533333533333355333333
353333353333355333533333333333
353333353333353353533333333333
533333333333333333333555335333
333535555333333333333333333333
333353333553333353333335333333
333353333353533353333335333333
353333353335353333533333333333
333333553333335333335333335333
335333333555333333333333533333
333353333353333353333355333333
335333335333333533333355333333
335333333555333333333333333353
335333333555333353333333333333
333353333333333333333555335333
333335333333333333555333333533
335333335333335333553333333333
333533555333333333333333333335
335333333533333533333355333333
333533335333333533333355333333
353333353333353333533353333333
333533555333333333533333333333
353335353333353333533333333333
333335333333333333333555335333
353333353333353333533335333333
333533555333533333333333333333
335333333555333333333335333333
353333353353353333533333333333
333353333533355333533333333333
353333353533353333533333333333
333353333353333353353335333333
533353333353333353333335333333
333353533353333353333335333333
353335335553333333333333333333
333353353353333353333335333333
333353333353353353333335333333
353353333353333353333335333333
335333333553333353333335333333
353333353333353333553333333333
335333335333333553333335333333
333533555533333333333333333333
333533333533335333553333333333
333533355333353333533333333333
333533335333335333553333333333
353333353333353335533333333333
353333335333333533333355333333
333353333353333353533335333333
335333333533335333553333333333
353333335333333553333335333333
533333333333333333555333333533
533353355533333333333333333333
353333353333353533533333333333
333533555333333333333333533333
333333553333353333353333353333
333353333533335333553333333333
333353333353335353333335333333
333353335353333353333335333333
333533333533355333533333333333
335333333555333333333333333335
335353333353333353333335333333
335333335555333333333333333333
335333333555333335333333333333
