553555555355353333535555555555
555555555535333353553555555355
555355553555333353555535555555
555555535555353333555355553555
553333555355353555535555555555
333355553555555353555535555555
555555535555353555555355553333
555555555535555353553555333355
553553333555555355555533555555
355355555333553555335555555555
555555555533533355553555555353
555555335555553335555355353555
353555555355553335335555555555
555353553555533355555533555555
555355553555533353555535555553
553555555355353335535555355555
555555555535533353553555555353
553555555355353335335555555555
555555535555353335555355353555
555355553555533353555533555555
553553553555553355555533553555
355333555355553555335555555555
333553553555555355555533555555
355355555355553355335555555355
553555533555353555555335553555
553535533555353555555355553555
553555533535353555555355553555
555355535335555353553555555355
535355555335555353553555555355
555355555335555353533555555355
553555533555353555555355353555
555355555335555353553555555353
555555335555553555555355353335
555555555533555355553555533353
353335555355553555335555555555
533353553555555355555533555555
553335555355353555535555355555
553335555355353555335555555555
553555555355353335535555555535
533355553555555353555533555555
533355553555555353555535555553
555555535555353555555355353335
555555555535555353553555533353
555355553555533353555535535555
533355553555535353555535555555
553335555355353535535555555555
533355533555555353555535555555
555555555535555353533555533355
535555555535555353553555533355
555355533555533353555535555555
533355553555555353555535535555
555555555535533353533555555355
555535555333555355553555555353
555555535555353555555335553335
553335555335353555535555555555
555535535555353555555355553335
553553553555535355555533553555
553335555355353555535555555535
555555535555353335555335553555
555553535533555353553555555355
553555555335353335535555555555
535555333555553555555355353555
355555335535353555555355553555
553553553555555353555533555553
355355555355353555335555355555
555553555533555353553555555353
553555555355353555535533553555
555355553555535353555533555553
355555335555353555555355353555
553555555355353535335555355555
553555555353353555535535553555
555353553555555353555533555553
353555555355353555335555355555
355555335555353555555335553555
535355553555555353555533555553
555355353555555353535535555355
553535555355353555335555355555
555553555533555353533555555355
553555555335353555335555355555
355535335555353555555355553555
553555555355353555335555355535
535553555533555353553555555355
555355533555555353555533555553
555355553555555353555533535553
553555535535355353553555555355
555355535535353553555355553555
553555553535553353553555555355
553555555355353355535355555355
553535533555355355555355553555
535555553535355353553555555355
553555535533555353553555555355
555355335535353555555355553555
555555535535355353533555555355
555555535535353553555335553555
555555535335353553555355553555
555555535355353553555335553555
555555535335353553553555555355
555555553535355353533555555355
535555535555353555555353553553
555355533535355355555355553555
555535555535555353353555355355
555555555533335355553555555353
555555335555553533555355353555
535555535535353555555355553535
555555555535335353553555555353
533555355355553355535555553555
533555355355553555535555553355
555335553553555355555535553355
555555335555353553555335553555
555335553553553355555535555355
535555535335553553553555555355
553555535535553353553555555355
555555555533355353533555555355
553555535535555353553555553355
555555533555355353555335553555
555555535553353553555335553555
555355533555355353555535535555
555555355535355353533555555355
535555555535355353533555555355
555555555335353553533555555355
555555535535353353555355553555
555555535535353353553555555355
555553535555353553555335553555
553555555535355353533555555355
553555555335353553535555555535
555355533555355353555535553555
553555555335353553535555555355
535555535555353535555355553553
535555355355553555535555553353
535553355355553355535555553555
555535553553353355555535555355
535555355353553555535555553355
535555355353553355535555553555
535555355355553355535553553555
355535553553555355555535553355
535553355355553555535555553355
555535353553553355555535555355
555535553553553355355535555355
555535353553555355555535553355
355535553553553355555535555355
535555535555353535555355553535
555535553553555355555535353355
535555535555353555555353553535
535555355355553353535555553555
535555535535353555555355553553
535555553533555353553555555355
555535553553555355355535553355
555555355533535355553555555353
555555335553553535555355353555
535555355355553555535553553355
555553555535355353533555555355
555555335555553535555353353555
555555555533535355353555555353
535555535555353555555355553533
535555535553353555555355553535
555535555535555353553555335355
535555535555353553555355553535
553555555355353533535555555535
555555555535535353353555555353
535555535555353553555355553553
555555535553353535555355353555
555535555535355353553555535355
535555535553353555555355553553
555555355535535353553555555353
555535553535555353553555355355
553535555535555353553555355355
553555555355353535535553555535
535555535355353555555355553553
553553553555555353553535553555
535555535355353555555355553535
553555535535555353533555555355
555535553535555353553555535355
553535555535555353553555535355
555555555535353353533555555355
535555553535555353533555555355
555555535555353353555335553555
555555555535335353533555555355
535555535555353355555355553553
555535555535553353553555355355
555335535535353555555355553555
535555535555353355555355553535
553555553535555353553555553553
555355335355553555555355355355
553555553533555355553555553553
553355553555555353553535553555
553355555355353555535355555355
553535553553555355555535355355
553535553553555355355535555355
353535553553555355555535555355
535355355355553553535555553555
535353355355553555535555553555
535355355355553555535555553553
553535553553355355555535555355
553535353553555355555535555355
535355355355553555535553553555
535355355353553555535555553555
555535553553553355555535553355
535555355355553355535555553355
553535553553555355555535553355
535355355355553555535555553355
