355535353333335355553555333353
355353533555333353555533533335
355535353333335355353555533353
535553333353553533555353353335
353553555335353333335555533335
535553333353553533555355353333
535355333333553535555355353333
333353555533355353533555333355
533535553333535355353555333353
353333335555353553555335553333
555353533555333353355533533335
535335333355553535555353353333
333353535533555353553555333353
353555555335353333335553533335
353333335535353555555355353333
553333553533535355353555333353
553533553333535355353555333353
353533553333535355553555333353
353333553533535355553555333353
533335553535535353353555333353
335355333355553535555353353333
333353335355553535555355353333
553535533335535353353555333353
353535533335535353553555333353
533335535355353535555353353333
535353333355353535555355353333
535355533335353535555353353333
553333553535535353353555333353
353333553535535353553555333353
353535553333535353553555333353
553535553333535353353555333353
335353333355553535555355353333
333355335355553535555353353333
333355535355353535555353353333
535355333355353535555353353333
535353533335353535555355353333
535553333333553553555355353333
333353535355353535555355353333
355535333333355355553555333353
333353555533333353353555555353
353535335353353555335355553333
353333335555353333555353353555
553535335353353555335355353333
535353353533555353553533333355
535355353533555353553533333353
533335553533535355353555333353
555353553555333353555533333333
333333555533333353553555555353
353555555355353333335555333333
333353553555555353333333555533
555533333333555353553555333353
335555333333353555555355353333
353333555355353555333333335555
333333335555353333555355353555
533335335355553535555353353333
553333555353533555333353355533
333355353555555335353333335553
533335353555555335353333335553
535535333333535355553555333353
533335555353533555333353355533
553333555335353553535335553333
333355533555355353533535333355
535535333333553535555355353333
535533333333553555555355353333
555355533555333353555533333333
333355533555555353333333555533
333353553533555353533555333355
553333555335353555333333335555
335555333333353555555335553333
555533333333555353533555333355
335535333333555355553555333353
333333335555353333555335553555
353333335355353555555335553333
333333555533333353533555555355
553555555335353333335555333333
353333335535353555555335553333
333353535533555353533555333355
553333555355353555333333355533
353333555355553533333353535553
333355553555555353333333335553
353335555353553533333353535553
533353353555335355353333355535
333353553555335355353333355535
535353353535555353553533333353
533355353555335353355535353333
535535333333553555555353353333
333355553555335353353333355535
553333555355353533535553333353
333355553555335353355535353333
553335555353353533333353535553
353333555355353555333333555533
553333555335353555335535353333
553335555353353533535553333353
533355353555335353353333355535
553333555355353533333353535553
333355533555555353535533333353
353535535353353555335355353333
553333555335353555335355353333
333355533555555353553533333353
553333555335353555333333355553
333355533555555353333333355553
535535333333355355553555333353
535535333333553553555355353333
355535333333555355353555333353
335535553333555355353555333333
353333555335353555333333555553
535535333333353555555355353333
535533333355553555555353333333
535535353333555355353555333333
335535333333553555555355353333
355535333333535355553555333353
535553333333553535555355353333
353333555335353555533335335553
353553555353553353335533333355
555353533555333353555535333333
335555353333555335553555333333
355353353555353355335533553333
355535335333353535555355353333
535335533535535353353555333353
353333555335353555333333535555
535553333533535353553555333353
335335533535535353553555333353
353333555355553555333333355533
533535535335353535555353353333
533533535335353535555355353333
335533333355553555555335353333
335555333333553535555355353333
555533333333535355553555333353
535353553555333355555533333333
535533333355353555555335353333
335533553333555355533555333353
335535553333555353533555333353
555353353555353355335533353333
353333555353533555333355355533
355533333355553555555353333333
353555555353553353335533333353
335553553333555355353555333333
355533333333555355553555333353
335553333333553555555355353333
555533333333355355553555333353
353333555355533555333353355533
355353553555333355555533333333
335555333333553553555355353333
355535333353553555555353333333
535555333333353535555355353333
355535333333555353553555333353
355355533555333353555535333333
555535333333355353533555333355
553553555335353333535555333333
535555333333353553555335553333
535553333333353555555355353333
353333555335553555333333355553
535553353333555355353555333333
535555333333353553555355353333
555353353555333355555533333333
335555333333553555555353353333
353333555353553555333333335555
533335353553555335553333335553
533335355353533555333355355533
555533333333555355353555333353
335553533335353555555335353333
335555553333555353353555333333
355533533335555353533555333353
355333335535353535555355353333
333553535533535353553555333353
353333555355553555333333335553
535555353333555353353555333333
555535333333555353353555333353
535555333333353555555353353333
555535333353353555555353333333
333355553553555335353333335553
535553333333353555555335553333
535553353333555335553555333333
355535333333555353533555333355
355535333353533555555355333333
555335333353553555555353333333
533555353333555355353555333333
553353555335353533535553333353
353355533555335353353333355535
533555353333555335553555333333
353333555335553555333333555533
353333555353553555333333555533
553353555335353533333353535553
353355533555335353355535353333
553353555335353555335533353333
353355533555555353335533333353
353353555335353555335535353333
553353533555555353335533333353
353353533555555353535533333353
353355555335353555335533353333
353353533555335355353333355535
353553555355553353335533333353
355353553555353355335533353333
353353555335553533333353535553
335335353555353333535555353353
555533333353533553555335353353
355533333353533553555335553353
533533555353333353555535353353
335555353333355335533555353353
335553353333355335533555353355
