553533333333335353553555333353
335355333333353533555355353333
333333335355353533555355353333
333333553533335353553555333353
333333335355353535555353353333
335355333333353535555353353333
333333553533535353353555333353
553533333333535353353555333353
333333533533535353553555333353
333333335335353535555355353333
333333355353533555333353355533
333333353553555335353333335553
333333335533555353353555333353
333333355533335353553555333353
335533333333555353353555333353
355533333333335353553555333353
335553333333353533555355353333
333333335533353555555353353333
333333335553353533555355353333
335335333333353535555355353333
335533333333353555555353353333
533533333333535353553555333353
333333335533353553555355353333
333333335533355353553555333353
335533333333355353553555333353
335533333333353553555355353333
353533333333535355353555333353
335353333333553535555353353333
333333335353553535555353353333
333333353533535355353555333353
535353333333353535555353353333
333333535353353535555353353333
353535333333535353353555333353
333333353535535353353555333353
533335353353335533355533335353
353353335533355533335353533335
533335353353335533335553353533
353353335533335553353533533335
333353353533555353353533333355
333355353533555353353533333353
553333335353353555335353353333
353333335353353555335353553333
333353553533335353333555353353
353333335355353533555333353353
333535333333335355553555333353
535333333333553533555355353333
533335353533555353353533333353
533335335353353555335353353333
533335353553335353355533335333
533335355353353533335553333533
333353553533335553333533355335
353333335355355533335333533553
333333335333353555555355353333
333333333533555353533555333355
333533333333555353533555333355
333333333533555353553555333353
333533333333555353553555333353
333333335333353555555335553333
333353535353353533335553333535
335333333333353555555335553333
335333333333353555555355353333
553333353535335353355533335333
353333353535335353355533535333
333355535353353533335553333533
335535333333353533555355353333
333333335535353533555355353333
335533333333335355553555333353
333333335533335355553555333353
535533333333335353553555333353
333333335353553555335353553333
333333335533553533555355353333
333333535533335353553555333353
335533333333553533555355353333
333333335533353535555355353333
535533333333353533555355353333
335533333333535353553555333353
333333335533535353553555333353
333333535533353533555355353333
335533333333353535555355353333
333333353533555355353533333355
333333335535335353553555333353
335535333333335353553555333353
333333333533535355553555333353
333333535333353535555355353333
333533333333535355553555333353
333333335333553535555355353333
333333333535535353553555333353
333535333333535353553555333353
335333333333553535555355353333
535333333333553535555353353333
535333333333353535555355353333
333333353533355353553555333353
333333335353353553555355353333
353333335353553555335353353333
333535333333535355353555333353
533335535353353533335553333533
333353353533555355353533333353
535533333333535353353555333353
335535333333353535555353353333
333333335535353535555353353333
333333333533355355553555333353
533335353535335353355533335333
333333535533535353353555333353
333333335333553553555355353333
333533333333355355553555333353
333535333333355353553555333353
335333333333553553555355353333
333333333535355353553555333353
333333535333353553555355353333
535333333333353553555355353333
333353353535555353353533333353
335353333333353553555355353333
353533333333355353553555333353
353533333333355353533555333355
333333353533355353533555333355
533533335553353553335335353333
335335355533355353533533333353
333333335353353553555335553333
353333335533353533555355353333
333535333333355353533555333355
333333535333353553555335553333
533533353333335355355535335333
335353333333353553555335553333
535333333333353553555335553333
335335333353553533535553333533
533533353333335355355533355333
333333333535355353533555333355
333353335533335353553555333353
335335333353553533335553333553
533335335353353533535553333533
333333335533353553555335553333
535335333353353533535553333533
335533333333353553555335553333
333333335533355353533555333355
335533333333355353533555333355
533335353533335353355535335333
353335353353353533335553533533
533353353353335353355533335335
333353553555355355333533333333
353333555355553553333333335333
353333555355553553335333333333
333353553555355355333333333533
353333335335353553535553333533
533335335353353533335553533533
333353533533355353355535335333
533335353533335353355533335335
533353353533335353355535335333
335333333533353553555355353333
333353533533355353333555333355
335333333533355353553555333353
333533335333353553555355353333
553333555333353553335335353333
333353553533335353355535335333
333533335333355353553555333353
353335335353353533535553333533
335353333533335353553555333353
353333335355353533535553333533
333355333555355353533533333353
353533335333353533555355353333
353333335335353553555333553333
353333555355553535333333335333
333353553555535355333533333333
353333555355553535335333333333
333353553555535355333333333533
333533353533535353353555333353
335333335353353535555353353333
353533333533535353353555333353
335353335333353535555353353333
333353353533535353353555333353
353333335353353535555353353333
333533535553353553335335353333
335333355535355353533533333353
335333335355353533555333353353
333533553533335353333555353353
353353335353353533535553333533
353353353533335353355535335333
353353533555355355333533333333
353353533555355355333333333533
353353555335553553333333335333
353353555335553553335333333333
333353553533335533333353553535
353333335355335533353333535355
333355553533335533333353553533
553333335355335533353333335355
533553333353555335533553333333
333353533553555335333333533553
353333355335533555333333355335
355335353333533555355335333333
353333355335533555355353333333
355335353333533555355353333333
353333355335533555333333355353
533553333353555335353553333333
333353533553555335353553333333
333353533553555335333333353553
333353533553555335533553333333
353333355335533555355335333333
335335353333353555535335353333
533533333353555353353535333353
353335355353533533333353355335
533353353553335335353333533553
