555355535535353555555355553555
553555535535555353553555555355
555535553553553355555535555355
555535553553555355555535553355
535555355355553355535555553555
535555355355553555535555553355
535555535555353555555355553553
555535555535555353553555355355
535555535555353555555355553535
555535555535555353553555535355
555555535555353553555335553555
555555555535355353533555555355
555535535355353555555355553555
535555553535555353553555555355
553553553555535353555535555555
555555533535355355555355553555
555555535335553553553555555355
553535555355355355533555555555
553553533555555353555535555555
555355535535555353553555555355
553553553555555353555535535555
553553553555555353555535555553
553555535535353555555355553555
555555335535353555555355553555
555355553555553553555335555553
535555555335553553553555555355
555555535533555353553555555355
553553553555355355555533555555
555355553555533553555335555555
553555555355355355533555355555
555553555533555355553555555353
553555555355355335533555555555
555535533555355355555355553555
555353553555555353555535555553
555555555335553553533555555355
555355553555553553555335535555
553555555355355355533555555535
555355533555553553555335555555
553555555335355355533555555555
555555533555355355555335553555
553553553555555355555533355555
555555535535353553555355553555
555555535535355353553555555355
553553553555555355355533555555
553553353555555355555533555555
555353553555535353555535555555
555555335555353555555335553555
535555555533555353553555555355
555535335555353555555355553555
555353533555555353555535555555
555555555533555353533555555355
555353553555555353555535535555
553535555355353535535555555555
555353353555555355555533555555
555353553555555355355533555555
555553335555553555555355353555
555555335553553555555355353555
555555355533555355553555555353
555555335555553535555355353555
555555535535553353553555555355
555555335555553555555353353555
555353553555555355555533355555
555555555533555355353555555353
555555535535353355555355553555
555553535535555353553555555355
553553555355353555535555355555
553553555355353555335555555555
553555555355353555535553355555
553555555353353555535555355555
553555555355353555535555355553
555353553555355355555533555555
555355553555555353355535555553
555355553555555353555535355553
555355353555555353555535555553
555555555535555353353555555353
555555535555353555555353353555
553555555355353555535553555535
555355553555555353555533355555
553555555353353555335555555555
555355353555555353555533555555
555355553555555353355533555555
555555355535555353553555555353
555355553555355353555535555553
555555535553353555555355353555
553555555355353555335555555553
555355553555555353355535535555
553555555355353555335553555555
555555555535535353553555555353
555553535555353555555355353555
553553553555555355555533555355
555555535555353535555355353555
555535535555353553555355553555
555355553555355353555533555555
553555555355353553535555355555
553555555355353553535555555535
555355553555355353555535535555
535555555535355353553555555355
553555555355353553335555555555
555555335555553553555355353555
553553553555555355555533555553
555555555533355355553555555353
555555535535353555555355553355
555555535335353555555355553555
555555535355353555555335553555
555555535355353555555355353555
555353553555555355555533555553
555553555535555353553555555353
555555553535555353553555555353
555555553535555353533555555355
555555533555355355555355353555
555555555535355353553555555353
555555533535555353553555555355
555555535555353553555355353555
555555535535555353553555553355
555555555335553553553555555353
553355553555535353555535555555
555555535535353555555335553555
535555535535555353553555555355
555553555535555353533555555355
535553555535555353553555555355
553355555355353535535555555555
555535535535353555555355553555
553535555355353555535555535555
555555535535555353533555555355
555535555535555353553555553553
555555335355553555555355353555
535555535555353555555355355355
553535555355353555535555555355
555555553533555355553555555353
553535555355353355535555555555
553555555335353555535555535555
553555555355353535535555535555
555355553555535353555535555535
535555353555555355553555335555
553555555355353555535555335555
555355533555555353555535555535
555355553555555353555535555533
555555555533555355553555553353
553355555335353555535555555555
535555335555553555555355353555
553555555355353555335555555355
553353553555555355555533555555
555353553555553355555533555555
553555555535555353553555555353
555355535555353555555355353555
555355553555555353555533553555
555555555533553355553555555353
555355553555535353555535535555
553355553555555353555533555555
555555555535555353553555553353
555555555535553353553555555353
553555555355353535535555555535
555355335555553555555355353555
555535555353553555555355555533
555355553555553353555533555555
553355533555555353555535555555
553355555355353555335555555555
535555555535553353553555555355
555555335555553355555355353555
555555535555353555555355353355
555355533555555353555535553555
553555555355353355335555555555
555535555533555355553555555353
555353553555555355555533553555
555555335555553555555355353355
555355553555555353555535533555
555355553555553353555535535555
553355553555555353555535535555
555555555535553353533555555355
553555555535555353533555555355
535555555535555353553555553355
553555555335353555535555555355
555555535555353355555335553555
555355533555553353555535555555
553555555533555355553555555353
555535535555353355555355553555
555335535555353555555355553555
555555535555353355555355353555
555535535555353555555355553355
553555555335353355535555555555
553555555355353355535555555535
555355535555353555555335553555
553355555355353555535555555535
553555555355353555535555555335
553535555355353555535555555535
553535555335353555535555555555
555355553555553353555535555553
555555555535535353533555555355
553355553555555353555535555553
555355533555535353555535555555
553355555355353555535555355555
553555555355353355535555355555
555555535555353535555335553555
553555555335353555535555555535
535555555535555353533555555355
555535535555353555555335553555
553555555335353535535555555555
555355533555555353555535535555
553535553553555355555535555355
535355355355553555535555553555
