555353533555333353555533533335
353555555335353333335555533335
553535553333535355353555333353
353535553333535355553555333353
535353333355553535555355353333
353333335555353333555355353555
333353555533333353553555555353
535355333355553535555353353333
333353555533333353533555555355
353333335555353333555335553555
335555353333555335353555533335
555533333353533555555353533335
535535333333555355553555333353
535535333333553555555355353333
535355333355553533555355353333
553535553333335355553555333353
555535333333535355553555333353
355535333333555355553555333353
535555333333553535555355353333
335535553333555355533555333353
535553333333553555555355353333
535533333355553555555335353333
535335533535535353553555333353
555535333333355355553555333353
553333555355353555333333555533
333355553555555353333333335555
333333353555555355553333335555
333333555533333355553555555353
555533333333555355553555333353
535555333333553553555355353333
353555555355553333335555333333
333353553555555355333333555533
533535535335353535555355353333
335555333333553555555355353333
335555553333555355353555333333
333333335555553333555355353555
353333555355553555333333335555
555533333355553555555353333333
555353553555333355555533333333
333333555353553555333355555533
535555333333553555555353353333
555535333333555355353555333353
333333555355553555333353555533
555535333333555353553555333353
555535333353553555555353333333
333333555535333353553555555353
333333553555555355353333335555
535533553353533555355353533335
333333535555353333555355353555
355535533335555353533555333353
535555353333555355353555333333
535553533335353555555335353333
535555333333353555555355353333
335535353355555335353553533335
553333555335353555333333555553
333355533555555353333333355555
355535353333555355353555333353
535553333353553555555353353333
553333555353533555333355355533
333355353555555335553333335553
333355533555555353533335355533
333355553555555335353333335553
553333555335353555533335335553
533335555353533555333355355533
333353533555555355333333555535
533335353555555335553333335553
533553355533535353553555333353
553333555355533555333353355533
353333555335553555333333535555
355335335553353535555355353333
535555333333353555555335553333
555355533555333353555535333333
333333555355533555333353555535
553333555335353555333333535555
353333555355553555333333555533
333355533555555353333333555535
553555555335353333535555333333
535555353333555335553555333333
555535333333555353533555333355
333333535555353333555335553555
333333553555555335353333535555
555535333353533555555355333333
333333555535333353533555555355
533533555353533555355353533335
535553333353553553555355353333
333353553555555355333333335555
535553333353553553555353353335
355535353333355355353555533353
355535353333355355553555333353
355535335335353535555355353333
535553533533535353553555333353
335335353555555335353553533335
535533333353553555535355553333
353333555335553555333333555553
555353333533555353533555333355
353333335555353555555335553333
335535353333555355553535333355
333353533555555355333333355555
353333555335353555335555533335
333353555533555353533555333355
353555335333353555555335553333
333353533555555353555533533335
333353555533555353553555333353
355553335335353535555355353333
353333335555353555555355353333
355553533533535353553555333353
335535353333555355353535533355
533553535533535353553555333353
535533553353533555335355553333
335535353355555335553533333355
535533333353553555535353553335
355335335535353535555355353333
355533553533535353553555333353
355533335355353535555355353333
535553553533535353353555333353
535355355353353533335553353553
335553553533535353553555333353
335355355353353533335553553553
355535335355353535555353353333
335553335355353535555355353333
553533353553335353355533355355
553535353553335353355533355353
335335353535555355553533333355
533533535353553555335355553333
553555555333353555335335353333
553333555335353553335553355335
333355533555355353355533533553
353533555353533553533335555353
555355333555555353533533333353
335353353555355335533335353555
355355533555333353555533333553
553553555335353333335555355333
553353555335353555335535353333
353355533555555353535533333353
553355533555555353335533333353
553355555335353555335533353333
553535333333555355553555333353
535355333333553555555355353333
555353533533335353553555533353
355355335535353535555353353333
353555335335353533555355353335
355353335535353535555355353333
335535353355555335353533533355
335535553333555355353555333353
353553535533535353553555333353
535533553353533555335353553335
535533333355553555555353353333
535535353333555355353555333353
553553535533535353353555333353
535535333353553555555353353333
535353333355553555555335353333
533535553333555355353555333353
353535553333555355533555333353
535533553333555355353555333353
335535553333555353553555333353
335335353535555355353533533355
535535553333555353353555333353
535533353333555355353555333355
535535333355353555555353353333
533533535353553555335353553335
555355533555355353533533333353
553555555335353553335335353333
333353533555555355555533353333
335553333355553555555335353333
333353533555555355553333355533
355533553333555355533555333353
333353533555555355353333555533
355535553333555353533555333353
353555335535353333555355353533
555353535533333353553555335353
333353535555353555555335353333
553533353553335353355535355353
335355355353353533535553353553
333353553555555355555533333333
333355533555555353555535333333
553333555335353555535555333333
335335335553353533555353353555
535533553533535353333555553353
335533353533335353553555555353
535533353533335353353555555353
533533355533335353353555555353
335535335355353535555333353355
335533335353353533555355353555
335535335353353533555353353555
335335335533353553555353553553
553553555335353553335335353335
533533335533355353353555355355
355355533555355353533533533353
535355533555355353533533533353
553355555335353553335335353335
553535555335353553335335353335
553355533555355353533533533353
355335353555533335555553353333
533553555353533335355555333353
553353533555535353355533333553
353355555335353535335553355333
533533555353333353555535553353
335335353555353333535555353355
555533333353533553555335553353
335555353333355335533555353355
