335333333333353533555353353333
333333335333353533555353353333
333533333333335353353555333353
333333333533335353353555333353
333353353533555333355333333333
353333335353333555333553333333
333353533555355353333333333333
353333555335353553333333333333
353333555353353533335333333333
333353353555335353333333333533
333353353555335353333533333333
353333555353353533333333335333
353353555333353533333333335333
333333353335555333353533333353
333333333353333555335353553333
353333335353333555533353333333
353353333555335353333533333333
353353555333353533335333333333
333333533353333555335353353333
553333335353333555333353333333
353353333555335353333333333533
333333353333555333353533333355
333355353533555333353333333333
333353353533555333353335333333
333353553555335353333333333333
353333555355353533333333333333
333353353555535353333333333333
353333555353353535333333333333
333353353533555335353333333333
333353353535555333353333333333
353333535353333555333353333333
353333335353533555333353333333
333333353555555333353333333333
333333353333555333353555333333
333333555353333555333353333333
333333333353333555555353333333
333333335353353555533353333333
333333535353353555333353333333
333333353533555353353335333333
333333353535555353353333333333
335333353333555333353533333353
333533333353333555335353353333
333353353533555333353333335333
353333335353333555333353333533
333333355353533555333353333333
333333353553555335353333333333
333333335353553555333353333333
333333353533555355353333333333
333333333533335353533555333353
333333335333353533555335353333
333533333333335353533555333353
335333333333353533555335353333
333333333533335355355533335333
333533333333335355355533335333
335333333333553533335553333533
333333335333553533335553333533
333333333533335553335535353333
333353535533355533335333333333
353333335535335553333533333333
333333335333355533535533333353
335335333333353533335553333533
353333355353333555333353333333
533533333333335353355533335333
333333533533335353355533335333
333333335335353533335553333533
333333333353333555355353353333
333333333553333555335353353333
333333353333555333353553333353
333353353553555333353333333333
333333355333555333353533333353
353333335355333555333353333333
333333335333355533535353333353
333353535353355533335333333333
333333333355333555335353353333
333353553533555333353333333333
333333333533335553353535353333
353333353535335553333533333333
333333553333555333353533333353
333333333533335353333555353353
333533333333335353333555353353
333333335333353533555333353353
335333333333353533555333353353
333333333333355353533555333353
353533555333353333335353333333
353333555333353553333333335333
353533555333353333333333335353
353553555333353333335333333333
353353555333353333333333335533
353333555333353553335333333333
353553555333353333333333335333
333333335333355533335353533335
353353555333353333335533333333
333353333555355353333333333533
353353333555333353333333335533
533335353533335553333533333333
355353333555333353333533333333
335353333555333353353533333333
333353333555355353333533333333
335353333555333353333333353533
353353333555333353335533333333
355353333555333353333333333533
533335335353355533335333333333
333353353533555333553333333333
333333353333555333553533333353
353333335353333555333355333333
333333333353333555335355353333
333333353533335353355533335333
335333353553555333353333333333
333533333353333555355353333333
333333335353353533335553333533
353533333353333555335353333333
335533333353333555353353333333
335353353333555333353533333333
335333353333555333353553333333
335353333333353533335553333533
353533333333335353355533335333
333533355353333555333353333333
335533353333555333353353333333
333533333333333353333555355353
353533333333333353333555335353
333333333533333353333555355353
335533333333333353333555353353
333333333533355353333555333353
333333335333353333555333353553
333333335353353333555333353533
335533333333353333555333353353
333333335533333353333555353353
335333333333353333555333353553
333333353533333353333555335353
333533333333355353333555333353
335333333333353553555333353333
335353333333353333555333353533
353333335355355533335333333333
333333335333353553555333353333
333333335533353333555333353353
333333335333355533335355353333
333333333533335553553533333353
333333333333353533555355353333
333333333333335353553555333353
353353333533335553333535333333
353353335333355533535333333333
333333333333535353353555333353
333533335533333353533533335335
335333335533353333335335533533
335333335533353333335353533533
333533335533333353353533335335
335335335533353333535533333333
533533335533333353335535333333
335533335533353333535335333333
335333335535353333535533333333
335533335533333353533535333333
335533335333353333535535333333
535533335533333353333535333333
335535335333353333535533333333
335333335533353333535535333333
335535335533353333535333333333
333533535533333353335535333333
535533333533333353335535333333
335533333533333353535535333333
333533335533333353535535333333
333533333333335533553553333353
355333333333335533335355353333
333553333333335533553533333353
335333333333335533355355353333
335333335533353333335533533335
553333335533335533353333335333
335333335533353333335535533333
335533535533333353333535333333
335533335533333353533533333335
335533335533333353333533533335
335533335333353333335533533335
333533335533333353535533333335
335533335535353333535333333333
335535335333353333335533533333
335533335533353333335335533333
333355335533333533333353335533
335533335333353333335535533333
553333335533335333353333335533
335333335535353333335533533333
335533335533353333335333533335
333533535533333353335533333335
535533333533333353335533333335
333533335533333353335533533335
335535335533353333335333533333
335533333533333353535533333335
333353335533333533333353335535
333353335533335533333353333535
335533333533333353335533533335
535533335533333353333533333335
353333335333335533353333535533
553333335333335533353333335533
333355335533335533333353333533
353333335533335533353333535333
353333335533335333353333535533
333353333533335533333353335535
335333333333335535355353353333
333553333333535533353533333353
333533333333535533353553333353
333355333533335533333353335533
355333333333335535335353353333
