13.65 18.9863 0 10.9688
13.65 18.901 0 10.9688
13.65 18.8472 0 10.9688
13.65 18.586 0 10.9688
13.65 18.1503 0 10.9688
13.65 17.9312 0 10.9688
13.65 17.8471 0 10.9688
13.65 17.8076 0 10.9688
13.1625 17.7016 0 10.9688
13.1625 17.5098 0 10.9688
13.1625 15.6823 0 13.65
13.1625 15.6278 0 13.65
13.1625 15.4447 0 13.65
13.1625 15.4382 0 13.65
13.1625 15.4166 0 13.65
13.1625 15.4065 0 13.1625
13.1625 15.3698 0 13.65
13.1625 15.3622 0 13.65
13.1625 15.2981 0 13.1625
13.1625 15.2697 0 13.65
13.1625 15.2523 0 13.1625
13.1625 15.2387 0 12.675
12.675 15.2152 0 13.1625
12.675 15.1999 0 13.1625
12.675 15.167 0 13.1625
12.675 15.139 0 13.1625
10.9688 15.1159 0 13.1625
10.9688 15.0833 0 12.675
10.9688 15.0745 0 13.1625
10.9688 15.0218 0 13.1625
10.9688 15.0093 0 13.1625
10.9688 15.0029 0 13.1625
10.9688 14.9884 0 13.1625
10.9688 14.9692 0 13.1625
10.9688 14.9356 0 12.675
10.9688 14.9039 0 12.675
10.9688 12.9793 0 10.9688
10.9688 12.9693 0 10.9688
10.9688 12.9258 0 10.9688
10.9688 12.9145 0 10.9688
10.9688 12.9034 0 10.9688
10.9688 12.9013 0 10.9688
10.9688 12.9012 0 10.9688
10.9688 12.9011 0 10.9688
10.9688 12.8994 0 10.9688
10.9688 12.8971 0 10.9688
10.9688 12.8957 0 10.9688
10.9688 12.8792 0 10.9688
10.9688 12.8744 0 10.9688
10.9688 12.8712 0 10.9688
10.9688 12.8711 0 10.9688
10.9688 12.8707 0 10.9688
10.9688 12.87 0 10.9688
10.9688 12.8672 0 10.9688
10.9688 12.8629 0 10.9688
10.9688 12.8613 0 10.9688
10.9688 12.8607 0 10.9688
10.9688 12.8576 0 10.9688
10.9688 12.8559 0 10.9688
10.9688 12.8524 0 10.9688
10.9688 12.8335 0 10.9688
10.9688 12.8257 0 10.9688
10.9688 12.8205 0 10.9688
10.9688 12.8159 0 10.9688
10.9688 12.8144 0 10.9688
10.9688 12.812 0 10.9688
10.9688 12.8101 0 10.9688
10.9688 12.81 0 10.9688
10.9688 12.8075 0 10.9688
10.9688 12.8073 0 10.9688
10.9688 12.7851 0 10.9688
10.9688 12.7843 0 10.9688
10.9688 12.7828 0 10.9688
10.9688 12.7758 0 10.9688
10.9688 12.7736 0 10.9688
10.9688 12.7735 0 10.9688
10.9688 12.7679 0 10.9688
10.9688 12.7515 0 10.9688
10.9688 12.751 0 10.9688
10.9688 12.7435 0 10.9688
10.9688 12.7433 0 10.9688
10.9688 12.7391 0 10.9688
10.9688 12.7376 0 10.9688
10.9688 12.7366 0 10.9688
10.9688 12.7349 0 10.9688
10.9688 12.7328 0 10.9688
10.9688 12.7327 0 10.9688
10.9688 12.7291 0 10.9688
10.9688 12.7279 0 10.9688
10.9688 12.7277 0 10.9688
10.9688 12.726 0 10.9688
10.9688 12.7257 0 10.9688
10.9688 12.7256 0 10.9688
10.9688 12.7251 0 10.9688
10.9688 12.7209 0 10.9688
10.9688 12.7201 0 10.9688
10.9688 12.7194 0 10.9688
10.9688 12.7193 0 10.9688
10.9688 12.7192 0 10.9688
10.9688 12.7183 0 10.9688
10.9688 12.7164 0 10.9688
10.9688 12.7159 0 10.9688
10.9688 12.7156 0 10.9688
10.9688 12.7144 0 10.9688
10.9688 12.714 0 10.9688
10.9688 12.7119 0 10.9688
10.9688 12.7111 0 10.9688
10.9688 12.7108 0 10.9688
10.9688 12.7085 0 10.9688
10.9688 12.7077 0 10.9688
10.9688 12.707 0 10.9688
10.9688 12.706 0 10.9688
10.9688 12.7057 0 10.9688
10.9688 12.7035 0 10.9688
10.9688 12.7022 0 10.9688
10.9688 12.7021 0 10.9688
10.9688 12.702 0 10.9688
10.9688 12.6978 0 10.9688
10.9688 12.6976 0 10.9688
10.9688 12.6969 0 10.9688
10.9688 12.6906 0 10.9688
10.9688 12.6893 0 10.9688
10.9688 12.6889 0 10.9688
10.9688 12.6866 0 10.9688
10.9688 12.6864 0 10.9688
10.9688 12.6862 0 10.9688
10.9688 12.6829 0 10.9688
10.9688 12.6808 0 10.9688
10.9688 12.6805 0 10.9688
10.9688 12.6794 0 10.9688
10.9688 12.6745 0 10.9688
10.9688 12.6725 0 10.9688
10.9688 12.6705 0 10.9688
10.9688 12.6692 0 10.9688
10.9688 12.6685 0 10.9688
10.9688 12.6674 0 10.9688
10.9688 12.6645 0 10.9688
10.9688 12.6638 0 10.9688
10.9688 12.658 0 10.9688
10.9688 12.6571 0 10.9688
10.9688 12.6563 0 10.9688
10.9688 12.6525 0 10.9688
10.9688 12.6516 0 10.9688
10.9688 12.6514 0 10.9688
10.9688 12.6509 0 10.9688
10.9688 12.6467 0 10.9688
10.9688 12.6438 0 10.9688
10.9688 12.6381 0 10.9688
10.9688 12.6371 0 10.9688
10.9688 12.6329 0 10.9688
10.9688 12.6323 0 10.9688
10.9688 12.6298 0 10.9688
10.9688 12.6296 0 10.9688
10.9688 12.6256 0 10.9688
10.9688 12.6241 0 10.9688
10.9688 12.6237 0 10.9688
10.9688 12.6193 0 10.9688
10.9688 12.617 0 10.9688
10.9688 12.6116 0 10.9688
10.9688 12.6027 0 10.9688
10.9688 12.5926 0 10.9688
10.9688 12.588 0 10.9688
10.9688 12.5863 0 10.9688
10.9688 12.5826 0 10.9688
10.9688 12.5821 0 10.9688
10.9688 12.5813 0 10.9688
10.9688 12.5773 0 10.9688
10.9688 12.5764 0 10.9688
10.9688 12.5752 0 10.9688
10.9688 12.5747 0 10.9688
10.9688 12.5728 0 10.9688
10.9688 12.571 0 10.9688
10.9688 12.5649 0 10.9688
10.9688 12.5578 0 10.9688
10.9688 12.5572 0 10.9688
10.9688 12.557 0 10.9688
10.9688 12.5563 0 10.9688
10.9688 12.5559 0 10.9688
10.9688 12.5548 0 10.9688
10.9688 12.5537 0 10.9688
10.9688 12.5524 0 10.9688
10.9688 12.5521 0 10.9688
10.9688 12.5499 0 10.9688
10.9688 12.5495 0 10.9688
10.9688 12.5472 0 10.9688
10.9688 12.5401 0 10.9688
10.9688 12.5287 0 10.9688
10.9688 12.5285 0 10.9688
10.9688 12.5264 0 10.9688
10.9688 12.521 0 10.9688
10.9688 12.5142 0 10.9688
10.9688 12.5141 0 10.9688
10.9688 12.513 0 10.9688
10.9688 12.5129 0 10.9688
10.9688 12.449 0 10.9688
10.9688 12.4445 0 10.9688
10.9688 12.444 0 10.9688
10.9688 12.4275 0 10.9688
10.9688 12.4274 0 10.9688
10.9688 12.4123 0 10.9688
