811.563 820.863 0.0094 558.906
811.563 820.605 0.0108 558.906
811.563 817.487 0.011 558.906
811.563 814.982 0.0104 558.906
811.563 805.663 0.034 613.266
811.563 805.15 0.0339 613.266
811.563 798.165 0.0478 613.266
811.563 798.125 0.0503 613.266
811.563 797.936 0.0483 613.266
811.563 797.497 0.0508 613.266
811.563 788.612 0.0504 613.266
811.563 788.463 0.0508 613.266
730.406 787.953 0.0513 613.266
730.406 787.74 0.0523 613.266
730.406 778.461 0.3268 294
730.406 773.313 0.3294 294
730.406 754.845 0.5254 422.625
730.406 750.952 0.2307 257.25
730.406 750.65 0.5322 422.625
730.406 748.663 0.0095 503.016
730.406 746.575 0.0101 503.016
730.406 745.758 0.2385 257.25
730.406 740.768 0.0086 503.016
730.406 731.092 0 620.156
730.406 729.803 0 620.156
730.406 723.463 0.0098 503.016
730.406 722.427 0 620.156
730.406 722.202 0.0109 503.016
730.406 722.116 0 620.156
730.406 718.624 0.0092 503.016
730.406 718.185 0.0116 503.016
730.406 717.397 0.3819 422.625
730.406 717.286 0.0123 503.016
730.406 716.622 0.3829 422.625
730.406 711.674 0.0109 503.016
730.406 710.991 0.1111 398.125
730.406 710.567 0.0876 503.016
730.406 710.124 0.0974 503.016
730.406 710.013 0.0115 503.016
730.406 709.393 0.0116 503.016
730.406 708.796 0.1133 398.125
730.406 708.391 0.1086 398.125
730.406 708.324 0.1005 503.016
730.406 708.163 0.0972 503.016
730.406 707.913 0.1 503.016
730.406 707.433 0.1036 503.016
730.406 707.29 0.0121 503.016
730.406 706.514 0.1156 398.125
730.406 706.286 0.105 503.016
730.406 704.738 0.3295 257.25
730.406 702.722 0.1191 520.625
730.406 702.564 0.1216 520.625
730.406 702.352 0.1187 520.625
730.406 702.26 0.0122 503.016
730.406 702.23 0.1194 520.625
730.406 701.764 0.0131 503.016
730.406 701.619 0.3295 257.25
730.406 699.467 0.3223 257.25
726.578 697.613 0.1111 503.016
726.578 697.253 0.111 503.016
689.063 697.099 0.1118 503.016
689.063 694.542 0.1011 503.016
689.063 694.311 0.3337 257.25
689.063 694.298 0.0109 503.016
649.25 694.101 0.128 370.563
649.25 693.696 0.3331 257.25
649.25 693.346 0.1045 503.016
649.25 692.994 0.1315 520.625
649.25 692.934 0.0962 503.016
649.25 692.893 0.1311 520.625
649.25 692.555 0.3301 257.25
649.25 692.166 0.3317 257.25
649.25 692.086 0.1407 520.625
649.25 691.977 0.3285 257.25
649.25 691.867 0.1346 336.875
649.25 691.701 0.1439 520.625
649.25 691.313 0.138 520.625
649.25 690.958 0.0139 503.016
649.25 690.882 0.013 503.016
649.25 690.474 0.138 520.625
649.25 690.066 0.1038 503.016
649.25 690.035 0.1488 520.625
648.484 689.867 0.1505 520.625
648.484 689.762 0.1466 520.625
648.484 689.732 0.1525 520.625
648.484 689.725 0.1466 520.625
648.484 689.29 0.1605 503.016
648.484 688.973 0.1519 520.625
648.484 688.967 0.15 520.625
648.484 688.845 0.1538 520.625
648.484 688.828 0.1334 303.188
648.484 688.374 0.1682 303.188
620.156 687.396 0.1323 336.875
620.156 686.852 0.1328 336.875
620.156 686.659 0.1186 503.016
620.156 684.951 0.1017 503.016
620.156 684.823 0.1195 503.016
620.156 684.694 0.1013 503.016
620.156 677.842 0.5788 269.5
620.156 676.994 0.1963 475.453
620.156 676.245 0.0985 503.016
620.156 675.855 0.1766 503.016
620.156 675.837 0.0975 503.016
620.156 675.828 0.5671 269.5
620.156 675.421 0.0979 503.016
620.156 675.202 0.5715 269.5
620.156 674.996 0.1055 503.016
620.156 674.778 0.0988 503.016
620.156 674.434 0.5845 269.5
620.156 674.007 0.0969 503.016
620.156 673.937 0.0993 503.016
620.156 673.656 0.1828 503.016
620.156 672.737 0.1052 503.016
620.156 671.87 0.1019 503.016
620.156 671.843 0.0986 503.016
620.156 671.57 0.2597 475.453
620.156 671.469 0.2555 475.453
620.156 671.262 0.258 475.453
620.156 669.847 0.0975 503.016
620.156 669.643 0.1057 503.016
620.156 668.855 0.6118 269.5
620.156 668.711 0.1958 475.453
620.156 668.648 0.1965 475.453
620.156 668.436 0.111 503.016
620.156 668.14 0.1374 503.016
620.156 667.47 0.3972 257.25
620.156 667.33 0.1419 503.016
620.156 666.864 0.203 475.453
620.156 666.737 0.2597 475.453
620.156 666.645 0.2039 475.453
620.156 666.209 0.401 257.25
620.156 666.175 0.1455 503.016
620.156 665.993 0.6171 269.5
620.156 665.749 0.1453 503.016
620.156 664.762 0.2121 503.016
620.156 663.393 0.1904 475.453
620.156 663.295 0.2154 503.016
620.156 662.839 0.1945 475.453
620.156 661.604 0.0996 503.016
620.156 661.37 0.1993 475.453
620.156 661.31 0.3189 475.453
620.156 660.271 0.1017 503.016
620.156 659.847 0.2039 475.453
620.156 659.84 0.413 257.25
620.156 659.242 0.2029 475.453
620.156 658.212 0.2017 475.453
620.156 657.862 0.4154 257.25
620.156 657.713 0.1789 503.016
620.156 657.09 0.1767 503.016
620.156 656.018 0.256 475.453
620.156 655.163 0.26 475.453
620.156 655.035 0.1792 503.016
620.156 654.947 0.2591 475.453
620.156 654.407 0.2707 475.453
620.156 653.709 0.1863 503.016
620.156 647.672 0.2583 269.5
620.156 646.822 0.2205 503.016
620.156 646.614 0.2362 275.625
620.156 646.523 0.2261 503.016
620.156 646.178 0.2275 503.016
620.156 643.878 0.2761 475.453
620.156 642.222 0.2417 275.625
620.156 641.594 0.337 475.453
620.156 640.065 0.3468 475.453
620.156 635.541 0.3931 8.57813
620.156 633.409 0.2975 475.453
620.156 633.299 0.2801 475.453
620.156 630.043 0.4024 8.57813
620.156 625.052 0.3491 475.453
620.156 624.981 0.3154 171.5
620.156 621.805 0.2263 10.2656
620.156 620.61 0.3529 475.453
620.156 619.256 0.2275 10.2656
620.156 615.446 0.3214 214.375
620.156 611.08 0.3397 214.375
620.156 609.306 0.3359 214.375
620.156 602.086 0.317 171.5
620.156 577.759 0.3918 7.625
620.156 573.232 0.3994 7.625
620.156 565.224 0.5733 222.95
620.156 559.332 0.5837 222.95
620.156 528.162 0.4811 5
620.156 525.539 0.4863 5
620.156 515.834 0.4667 7.625
620.156 515.297 0.4621 7.625
620.156 514.321 0.4622 7.625
620.156 513.791 0.4685 7.625
620.156 511.348 0.4692 7.625
620.156 510.394 0.4703 7.625
620.156 466.938 0.5903 3.9375
620.156 457.906 0.5998 3.9375
620.156 392.93 0.6232 7.625
620.156 388.277 0.6268 7.625
620.156 387.649 0.626 7.625
620.156 387.508 0.625 7.625
620.156 349.779 0.6699 7.625
620.156 345.739 0.6717 7.625
620.156 343.096 0.7128 3.9375
620.156 336.711 0.5795 3.0625
620.156 334.41 0.7178 3.9375
