333333353533535353353555333353
335353333333353535555353353333
353533333333535353353555333353
333333335353353535555353353333
333333335533335353553555333353
335533333333335353553555333353
333333333533535353553555333353
333533333333535353553555333353
335533333333353533555355353333
333333335533353533555355353333
333333335333353535555355353333
335333333333353535555355353333
333333333533355353553555333353
335333333333353553555355353333
333533333333355353553555333353
333333335333353553555355353333
335353333333353533555355353333
333333335353353533555355353333
353533333333335353553555333353
333533333333355353533555333355
333333335333353553555335553333
335333333333353553555335553333
333333333533355353533555333355
333333353533335353553555333353
533335353533335353355533335333
533335335353353533335553333533
333333533533535353353555333353
533533333333535353353555333353
333533333333335355553555333353
335335333333353535555353353333
333333335335353535555353353333
333333333533335355553555333353
353333555355353553333333335333
333353553555355353333533333333
333353553555355353333333333533
333535333333335353553555333353
335333333333553533555355353333
333333335333553533555355353333
353333555355353553335333333333
333333553533335353333555353353
333333333535335353553555333353
333333335355353533555333353353
535333333333353533555355353333
333333535333353533555355353333
333333533533335353553555333353
333333335335353533555355353333
533533333333335353553555333353
335335333333353533555355353333
333533333333555353353555333353
333333333533555353353555333353
333333335333353555555353353333
335333333333353555555353353333
333353553555535353333333333533
353333555355353535335333333333
333353553555535353333533333333
353333555355353535333333335333
333333333533535355353555333353
333533333333535355353555333353
335333333333553535555353353333
333333333535535353353555333353
535333333333353535555353353333
333333335333553535555353353333
333535333333535353353555333353
333333535333353535555353353333
335533333333353535555353353333
333333335533535353353555333353
333353553555335355333533333333
333333335533353535555353353333
335533333333535353353555333353
333353553555335355333333333533
353333555355553533335333333333
353333555355553533333333335333
333333535353353555335353353333
333333353535555353353533333353
353333555353553535335333333333
333353353555535355333333333533
333353353555535355333533333333
353333555353553535333333335333
333333533533355353355535335333
333333335335353553535553333533
333333535335353553335553333533
333333533535355353355533335333
335333333533335353553555333353
333533335333335353553555333353
333533335333353533555355353333
335333333533353533555355353333
333333553535335353355533335333
333333535355353533335553333533
333333553533335353355535335333
333333335355353533535553333533
333333335353553555335353353333
353333335333353533555355353333
333333353533555355353533333353
533335353353335533335553333533
333353333533335353553555333353
533335353353335533355533335333
335353333533335553353533533335
353533335333355533335353533335
353333335355355533335333533533
333353553533335553333533335335
333533333533335353553555333353
335333335333353533555355353333
333333335353353533555333353355
333333353533335353333555553353
353353533555355353333333333533
353353555335353553333333335333
353353533555355353333533333333
353353555335353553335333333333
353333335333353535555353353333
333353333533535353353555333353
333355553555335353333333333533
553333555355353533335333333333
553333555355353533333333335333
553333555335353553333335333333
333333335533335353353555533353
333355553555335353333533333333
553333555335353553333333333335
335533333333335353353555533353
333355533555355353533333333333
333355533555355353333333533333
335533333333353533555353353335
333333335533353533555353353335
333533333333335353553555533353
333333333533335353553555533353
333333335333353533555355553333
335333333333353533555355553333
333333335333353533555355353335
333353533555355353333333333553
333335335353353533535553333533
335333333333353533555355353335
333533333333335353553555333355
333333333533335353553555333355
533333353533335353355535335333
333335535353353533335553333533
533333353535335353355533335333
335333333533353535555353353333
333533335333353535555353353333
335333333533535353353555333353
333533335333535353353555333353
335333333333353553555353353335
333333335333353553555353353335
333533333333355353353555533353
333333333533355353353555533353
353333353535335353355533335333
333353535353353533335553333533
333533333533535353353555333353
333353533555355353333533333353
333333355335353533535553333533
335333335333353535555353353333
353333555335353553335333353333
355335333333353533535553333533
333333533553335353355535335333
533553333333335353355535335333
533533353333335353355535335333
335335333353353533535553333533
335333333333353555555335353333
333333335333353555555335353333
333333333533555353533555333353
333533333333555353533555333353
333353533555355355333333533333
333353533555355353333333533353
333333335335353553555333553333
333333533533355353333555333355
533353353555355353333533333333
533353353555355353333333333533
353335555353353553333333335333
353335555353353553335333333333
353533335553333533555335333333
335353355533335333533555333333
333333533555335353355533335333
333333555335353533335553333533
355333555355353533333333335333
533353553555335353333333333533
333553553555335353333333333533
355333555355353533335333333333
333333335355353533555333355333
533353553555335353333533333333
353335555355353533333333335333
333553553555335353333533333333
353335555355353533335333333333
333333553533335353333555333553
533353353555535353333533333333
353335555353353535335333333333
353533555355353533333333335333
353533555355353533335333333333
335353553555335353333533333333
335353553555335353333333333533
353533555353353535335333333333
353333335355335533353333335355
353353353533353553335333533533
333353553533335533333353553533
353353335353355353333533335335
353333335353335535353333535353
553333335353335535353333335353
333353353533535533333353353535
333355353533535533333353353533
333353533553355335353353333533
353333355335533553353353335333
333353533553355335335353333533
353333355335533553353533335333
