497.656 575.376 0 477.75
497.656 574.068 0 477.75
497.656 572.248 0 477.75
497.656 572.246 0 497.656
497.656 572.147 0 477.75
497.656 569.963 0 497.656
497.656 569.712 0 497.656
497.656 569.616 0 497.656
477.75 569.509 0 497.656
477.75 569.101 0 497.656
477.75 567.971 0 497.656
477.75 567.759 0 497.656
16.2094 69.5058 0 13.1625
16.2094 69.4076 0 13.1625
16.2094 68.3373 0 13.1625
16.2094 68.1646 0 13.1625
15.7219 68.0986 0 13.1625
15.7219 68.0583 0 13.1625
15.7219 67.8263 0 13.1625
15.7219 67.8258 0 13.1625
15.7219 67.5853 0 13.1625
15.7219 67.0439 0 13.1625
15.7219 66.6562 0 13.1625
15.7219 66.6348 0 13.1625
15.7219 66.4516 0 13.1625
15.7219 65.975 0 13.1625
15.2344 65.8874 0 13.1625
15.2344 65.4753 0 13.1625
15.2344 64.9506 0 13.1625
15.2344 64.887 0 13.1625
15.2344 18.6234 0 15.2344
15.2344 18.5489 0 16.2094
15.2344 18.5267 0 15.2344
15.2344 18.523 0 15.7219
13.1625 18.4898 0 15.2344
13.1625 18.4653 0 15.2344
13.1625 18.2312 0 16.2094
13.1625 18.2222 0 15.7219
13.1625 18.2098 0 16.2094
13.1625 18.1575 0 16.2094
13.1625 18.0318 0 15.2344
13.1625 17.9909 0 15.7219
13.1625 17.8552 0 15.7219
13.1625 17.8503 0 15.2344
13.1625 17.8477 0 15.7219
13.1625 17.8343 0 15.7219
13.1625 17.8035 0 15.7219
13.1625 17.7972 0 15.2344
13.1625 17.782 0 15.2344
13.1625 17.7139 0 15.7219
13.1625 17.6884 0 15.7219
13.1625 17.6744 0 15.7219
13.1625 17.2127 0 13.1625
13.1625 16.7063 0 13.1625
13.1625 16.4878 0 13.1625
13.1625 16.4518 0 13.1625
13.1625 16.4067 0 13.1625
13.1625 16.4031 0 13.1625
13.1625 16.3905 0 13.1625
13.1625 16.3194 0 13.1625
13.1625 16.1823 0 13.1625
13.1625 16.1653 0 13.1625
13.1625 16.1118 0 13.1625
13.1625 16.0853 0 13.1625
13.1625 16.0724 0 13.1625
13.1625 16.0552 0 13.1625
13.1625 16.0052 0 13.1625
13.1625 16.0047 0 13.1625
13.1625 15.9733 0 13.1625
13.1625 15.9684 0 13.1625
13.1625 15.9221 0 13.1625
13.1625 15.8729 0 13.1625
13.1625 15.8457 0 13.1625
13.1625 15.8386 0 13.1625
13.1625 15.8263 0 13.1625
13.1625 15.7977 0 13.1625
13.1625 15.7851 0 13.1625
13.1625 15.7529 0 13.1625
13.1625 15.7418 0 13.1625
13.1625 15.7109 0 13.1625
13.1625 15.7057 0 13.1625
13.1625 15.6942 0.0509 11.7
13.1625 15.6924 0 13.1625
13.1625 15.6923 0 13.1625
13.1625 15.6847 0.0502 11.7
13.1625 15.6818 0 13.1625
13.1625 15.6783 0 13.1625
13.1625 15.6505 0 13.1625
13.1625 15.6482 0 13.1625
13.1625 15.6317 0 13.1625
13.1625 15.6314 0 13.1625
13.1625 15.6303 0 13.1625
13.1625 15.6167 0 13.1625
13.1625 15.6159 0 13.1625
13.1625 15.6158 0 13.1625
13.1625 15.6106 0 13.1625
13.1625 15.6091 0 13.1625
13.1625 15.6086 0.0523 11.7
13.1625 15.6062 0 13.1625
13.1625 15.5951 0 13.1625
13.1625 15.5934 0.0548 11.7
13.1625 15.5608 0 13.1625
13.1625 15.5545 0 13.1625
13.1625 15.554 0 13.1625
13.1625 15.5539 0 13.1625
13.1625 15.549 0 13.1625
13.1625 15.5425 0 13.1625
13.1625 15.5335 0 13.1625
13.1625 15.521 0 13.1625
13.1625 15.5152 0 13.1625
13.1625 15.5057 0 13.1625
13.1625 15.4693 0 13.1625
13.1625 15.4593 0 13.1625
13.1625 15.4523 0 13.1625
13.1625 15.4517 0 13.1625
13.1625 15.4481 0 13.1625
13.1625 15.4245 0 13.1625
13.1625 15.4227 0 13.1625
13.1625 15.4221 0 13.1625
13.1625 15.422 0 13.1625
13.1625 15.4156 0 13.1625
13.1625 15.4045 0 13.1625
13.1625 15.4032 0 13.1625
13.1625 15.3888 0 13.1625
13.1625 15.3803 0 13.1625
13.1625 15.3471 0 13.1625
13.1625 15.3297 0 13.1625
13.1625 15.3259 0 13.1625
13.1625 15.3109 0 13.1625
13.1625 15.3101 0 13.1625
13.1625 15.3076 0 13.1625
13.1625 15.2947 0.0415 11.7
13.1625 15.2717 0 13.1625
13.1625 15.2649 0 13.1625
13.1625 15.2644 0 13.1625
13.1625 15.2536 0 13.1625
13.1625 15.2436 0 13.1625
13.1625 15.2338 0.0428 11.7
13.1625 15.2112 0 13.1625
13.1625 15.1932 0 13.1625
13.1625 15.1926 0 13.1625
13.1625 15.1921 0 13.1625
13.1625 15.1559 0 13.1625
13.1625 15.1415 0 13.1625
13.1625 15.0842 0 13.1625
13.1625 15.0811 0 13.1625
13.1625 15.0783 0 13.1625
13.1625 15.0782 0 13.1625
13.1625 15.0766 0 13.1625
13.1625 15.075 0 13.1625
13.1625 15.068 0 13.1625
13.1625 15.0673 0 13.1625
13.1625 15.0646 0 13.1625
13.1625 15.063 0 13.1625
13.1625 15.0628 0 13.1625
13.1625 15.0623 0 13.1625
13.1625 15.0229 0 13.1625
13.1625 15.019 0 13.1625
13.1625 15.007 0 13.1625
13.1625 14.9954 0 13.1625
13.1625 14.9861 0 13.1625
13.1625 14.9806 0 13.1625
13.1625 14.9801 0 13.1625
13.1625 14.9637 0 13.1625
13.1625 14.9637 0 13.1625
13.1625 14.9318 0 13.1625
13.1625 14.9092 0 13.1625
13.1625 14.904 0 13.1625
13.1625 14.8871 0 13.1625
13.1625 14.8865 0 13.1625
13.1625 14.8861 0 13.1625
13.1625 14.857 0 13.1625
13.1625 14.8493 0 13.1625
13.1625 14.8423 0 13.1625
13.1625 14.84 0 13.1625
13.1625 14.8332 0 13.1625
13.1625 14.8251 0 13.1625
13.1625 14.824 0 13.1625
13.1625 14.8105 0 13.1625
13.1625 14.8098 0 13.1625
13.1625 14.802 0 13.1625
13.1625 14.7919 0 13.1625
13.1625 14.7864 0 13.1625
13.1625 14.7825 0 13.1625
13.1625 14.7806 0 13.1625
13.1625 14.7775 0 13.1625
13.1625 14.7564 0 13.1625
13.1625 14.7529 0 13.1625
13.1625 14.7486 0 13.1625
13.1625 14.7328 0 13.1625
13.1625 14.7326 0 13.1625
13.1625 14.7314 0 13.1625
13.1625 14.7276 0 13.1625
13.1625 14.7208 0 13.1625
13.1625 14.7142 0 13.1625
13.1625 14.7114 0 13.1625
13.1625 14.708 0 13.1625
13.1625 14.6957 0 13.1625
13.1625 14.6739 0 13.1625
13.1625 14.6262 0 13.1625
