555535333333555355553555333353
535555333333553555555355353333
553333535533333355553555555353
333355335535553333555355353555
553333535535333353553555555353
333355535535353333555355353555
355333335555353333555335553555
333553555533333353533555555355
335355353535555355553533333355
553533535353553555335355553333
355553553533535353553555333353
355553335355353535555355353333
535535333353553555535355553333
535535353333555355553535333355
553535353333335355353555555353
553535553333535355333555553353
353535353333335355553555555353
535355333355553535555333353355
535355333353553533555353353555
535353333353553533555355353555
535535553353533555335355553333
535535353355555335553533333355
533535535353553555335355553333
535335353535555355553533333355
555355533555333353555533333553
353555555355353333335555533335
335535553333555355553555333353
535355333535553553555355353333
535535553333555355353555333353
553535535333355355553555333353
553555555335353333335555355333
555353553555333353555533533335
535535333355553555555353353333
535533333355553555555355353333
553533535353553555335353553335
335355353535555355353533533355
335555353333555355353555533335
555533333353553555555353533335
353333335555353333555355553555
355535553333555355533555333353
535553333355553555555335353333
535355333555553533555355353333
535355333533553555555355353333
553535555333335355553555333353
553535553333535355353555533353
535535333535553535555355353333
535355333355553535555353353335
535535535333535355553555333353
333355533555355353555533533553
553333555335353553335555355335
355555335355353533555355353333
553553535533355353553555333353
355355335535353553555355353333
355333335555353333555355353555
353335335555353333555335553555
353335335555353333555355353555
533353555533333353533555555355
533353555533333353553555555353
535355333353553535555355353335
353333555335353555335353553555
335355353555555335353553533335
535553535533535353553555333353
355535335535353535555355353333
353535553333535355553555533353
355555335333353555555355353333
355555335333353555555335553333
535353333355553535555355353335
555553333533555353553555333353
353355335535353555555335553333
553353535533555353533555333355
553535555333535355353555333353
553333555335353555335353353555
353535555333535355553555333353
553535535333555355353555333353
535353333555553535555355353333
353535535333555355553555333353
535355333535553555555353353333
535355333555553535555353353333
535353333535553555555355353333
353555335335353553555355353335
353355555335353535535553333355
555353533533355353553555533353
353333555353353555335335553555
553353533555535353355535553333
355555335355353535555353353333
555353533533355353533555533355
355333335555353555555335553333
353555335335353553555335553335
553333555353353555335335353555
553533355533335353353555555353
553353533555355353555533533335
353533355533335353553555555353
353355555335353553335555533335
335353335553353533555355353555
335553335353353533555355353555
355533353533335353553555555353
335355335553353533555353353555
353553353555335353335533555355
355353555353353533335533553555
555533553353533555355353533335
553555555335353553335335353335
553553555355353355335535353333
335555353355555335353553533335
355355553555553353535533333353
555355533555355353533533533353
353355555335353535335553533355
355335555335353553335555533335
533553533555355353555533533335
353333555335353555335335553555
553353533555535353355533553335
553333555335353555335555355333
553333555335353555335335353555
353355555335353533335555533355
553353533555335353555533553335
353355553555555353535533333353
535335533535535353553555533353
555355553555553353335533333353
553355553555555353335533333353
555353533533555353533555333355
553353555355353555335535353333
553533555353533555335353553335
553555555355353355335533353333
553355555355353555335533353333
353555335335353555555335553333
553553353555355353335533335355
355353555353353553335533553535
553355533555555353535533333353
533535535335353535555355353335
355355555353353553335533553533
353553353555355353335533535355
553355533555535353355533333553
553355555335353555335535353333
553355555335353535335553355333
335355355353353533535553553553
553353555353353535335335353555
353355353555535353533533555353
553533353553335353355535355355
535355355353353533335553553553
355353555353353553335535553533
555533553533535353333555553353
553533535533555353333555553353
553533333533535353553555555353
335555335355353535555333353355
353553353555355353535533335355
553533553553335353355533355355
553535553553335353355533355353
553533533533335353553555555353
553355353355335535355533335355
535355355355353533335553353553
335355355355353533335553553553
553555555335353555335335353333
353355353355335535355533535355
355353533553533335555353533555
553355553353535533335553553533
553353553353535533335553553535
555355533555555353533533333353
353353353555535353533533555355
353353555353353535335335553555
353553355335533335353555555335
533553335533355353353555355355
355335335533353553555353553553
553533335533355353353555355355
533533533533355353533555555355
555533553353533555335353553335
335555353355555335353533533355
553355533555335353555533333553
553355555335353533335555355333
553355555335353553335535353335
353355533555555353535533533353
353355533555535353555533333553
553355533555355353535533533353
553353555335353535335555355333
553353555335353555335535353335
335355355355353533535553353553
553533553553335353355535355353
355353353555533355555535353333
355355353555533355555533353333
533533535533355353353555355355
353553555353553335535555333353
553553555353553335335555333353
553533555353333353555535553353
535353353333553555535553553353
353535333353555355355535353355
535335353555353333335555553355
535335553555353333335555353355
533535555353333353555533553355
533533555353333353555535553355
533535555355333353555533553353
335555353333355335533555553355
555533333353533553555335553355
555533333353553553555335553353
335555353333355355533555353355
535353353353553555535553553333
353535353353555355355535333355
533553353553355335335555355353
355335355353533553555533353553
335533535533553353355553553535
535533335535353355355553335355
335535535533553353355553553533
335533335535353355355553535355
