335333333333353533555355353333
333333335333353533555355353333
333533333333335353553555333353
333333333533335353553555333353
333333335333353535555353353333
335333333333353535555353353333
333333333533535353353555333353
333533333333535353353555333353
353333555355353533335333333333
353333555355353533333333335333
333353553555335353333533333333
333353553555335353333333333533
333353353555535353333333333533
353333555353353535335333333333
353333555353353535333333335333
333353353555535353333533333333
353333555335353553333333335333
353333555335353553335333333333
333353533555355353333333333533
333353533555355353333533333333
335333333333353533555353353335
333333335333353533555353353335
333333333533335353353555533353
333533333333335353353555533353
333333335333353553555335353333
333333333533355353533555333353
335333333333353553555335353333
333533333333355353533555333353
353333555335353553333335333333
333353533555355353533333333333
353333555335353553333333333335
333353533555355353333333533333
333333533533335353355535335333
533533333333335353355535335333
333333335335353533535553333533
335335333333353533535553333533
333333535335353533335553333533
333333533535335353355533335333
353335555353353533333333335333
533353353555335353333333333533
353335555353353533335333333333
533353353555335353333533333333
333333353335555353353533333353
333353353533555353353335333333
353333335353353555533353333333
333333533353353555335353353333
333333535353353533335553333533
333333335353353533535553333533
333333353533335353355535335333
353533333333335353355535335333
335353333333353533535553333533
333333353535335353355533335333
333533353355555333353533333333
335333553353333555335353333333
553333555335353553333333333333
333333353533335353353555333353
353533333333335353353555333353
333333335353353533555353353333
335353333333353533555353353333
335533333333335353353555333353
333333335533335353353555333353
333333335533353533555353353333
335533333333353533555353353333
333333333533355353353555333353
333533333333355353353555333353
335333333333353553555353353333
333333335333353553555353353333
333333335335353533555353353333
335335333333353533555353353333
335335333333353533555333353353
333333533533335353333555353353
333333335335353533555333353353
335353333333353533555335353333
353533333333335353533555333353
533533333333335353333555353353
333333533533335353353555333353
533533333333335353353555333353
333333335353353533555335353333
333333353533335353533555333353
333333335333553533555353353333
333353553533555333355333333333
353333555353353553335333333333
353333335355333555333553333333
333333533533355353355533335333
353333555353353553333333335333
335333333333553533555353353333
333353353555355353333533333333
333333335335353553335553333533
333333335355353533335553333533
553333555355353533333333333333
333333535333353533555353353333
333533333333335355353555333353
333333333535335353353555333353
333333333533335355353555333353
353353353555335353333533333333
333353353555355353333333333533
535333333333353533555353353333
353353555353353533335333333333
333535333333335353353555333353
333355553555335353333333333333
333333335333355533535533333355
333333553533335353355533335333
535335333333353533335553333533
353353555353353533333333335333
333333535333355533335355353333
533535333333335353355533335333
553333555353353535333333333333
553333335535335553333533333333
353533333333335353333555333553
335333333333353533555333353355
353553333555335353333333333533
333333333533335353333555553353
333333335333353533555333353355
353553333555335353333533333333
333333335353353533555333355333
333533333333335353333555553353
355353555333353533333333335333
355353555333353533335333333333
333333353533335353333555333553
553333335355333555333353333333
353333335355333555533353333333
335353333333353533555333355333
355333555353353533333333335333
333333533355333555335353353333
355333555353353533335333333333
333353553533555333353335333333
333333553335555333353533333353
333333335333353555555333353333
353533335353333555333553333333
333333333533555353333555333353
333553353555335353333333333533
333333553333555333353533333355
353533555353353533333333335333
333553353555335353333533333333
335353353555335353333533333333
333533333333555353333555333353
335333333333353555555333353333
335353353555335353333333333533
335353353533555333355333333333
353355555333353533335333333333
353355555333353533333333335333
553353333555335353333533333333
353533555353353533335333333333
553353333555335353333333333533
335335333533335553553533333333
353333335355355533535333333333
333353553533335553333535333333
533533335333355533335355333333
353353555333353553333333335333
353353555333353553335333333333
353353333555335355333333333533
353353333555355353333533333333
353353333555355353333333333533
353353333555335355333533333333
353353333555535353333533333333
353353333555535353333333333533
353333555355353533333333353333
353353555333553533335333333333
353333555355553533333333333333
353353555333553533333333335333
333533555353333555333353333333
333533333353333555555353333333
353353555333353535333333335333
333353553555335353333333333353
335333353555555333353333333333
335333353333555333353555333333
353353555333353535335333333333
353333555355353535333333333333
333333533353333555335355353333
333333353333555333553533333355
353333555355353533333533333333
333353353533555333553335333333
333333353335555333553533333353
553333335353333555333355333333
353333555353553533335333333333
353333335353333555533355333333
353333555353553533333333335333
333353553555335353333333335333
353333555355353533333333333533
333353553555335353335333333333
353333555355353553333333333333
333353353555335355333533333333
333353353555335355333333333533
335333333333353533555353353353
333333335333353533555353353353
333533333333335353353555353353
535353333333353533335553333533
353535333333335353355533335333
333333553533335533333353553533
333333335355335533353333335355
353333335353335535353333335353
333353353533535533333353353533
553333333333355333353553533335
353333333333355333553553533335
333353333333333553355355533335
333355333333333553355353533335
333553555353333335333333333553
353533333353335353333535353353
335353353333353533535333353353
355333353555533333333333355333
