555555335535553333555355353555
555555535533333355553555555353
555555535535353333555355353555
555555535535333353553555555353
353555555355553533333355555555
555353553555335355553333555555
555355533555355353533335555555
553555555335353553533335555555
553555555355353533333355555555
555355553555335353553333555555
555353553555333353555535535555
555553555533333355553555555353
555353553555333353555535555553
555353533555333353555535555555
555555555533333353533555555355
555555335555353333555335553555
535555555533333355553555555353
555535335555553333555355353555
535353553555333355555533555555
553535555355353333535555355555
555553335555553333555355353555
555535535555353333555355353555
535355553555333353555535555553
355555555533333355553555555353
555555335553553333555355353555
535555555535333353553555555353
553535555355353333335555555555
555553555535333353553555555353
535355553555333353555535535555
535355553555333353555533555555
553535555355353333535555555535
555353553555333355555533555553
555555355535333353553555555353
553553555355353333535555555535
355555555535333353553555555353
553553555335353333535555555555
555555535553353333555355353555
553555555353353333535555555535
553553555355353333535555355555
553553555355353333335555555555
555553535555353333555355353555
555355335555553333555355353555
553555555355353333535553555535
555353553555333355555533553555
553555555533333355553555555353
555355353555333353555535535555
555555555533333355353555555353
555355553555333353355535535555
355355555355353535535533553555
555353353555333355555533555555
555355553555333353555533553555
553555555355353333335555555355
553555555535333353553555555353
555355535555353333555355353555
555355353555333353555535555553
553555555353353333535555355555
555355555535333353553555555353
555353553555333355355533555555
553555535555353333555355353555
555555535555353333555353353555
553555555353353333335555555555
555555555535333353353555555353
555353553555333355555533355555
555355353555333353555533555555
553553553555535353335535555355
555553555535333353533555555355
553555555355353333535555355553
555355553555333353555535355553
555355553555333353355535555553
553555555355353333535553355555
555535555535333353553555555353
553555555355353333335553555555
553555555355353333335555555553
555555355535333353533555555355
555555535553353333555335553555
555553535555353333555335553555
555355553555333353555533355555
535555535555353333555355353555
355555555535333353533555555355
555355553555333353355533555555
553555553535535335355535535535
555535555533333355553555555353
535555335555553333555355353555
555355555533333355553555555353
553555335555553333555355353555
553555555355353333535555335555
535555535535353535555335553535
555355553555333353555535555533
553555555355353333533555555535
535555353333555355553555555353
555355553555333353555335535555
555535535535535353533555535355
553555555355353333533555355555
555355535555353333555335553555
553555555535333353533555555355
555355553555333353555535533555
553555555355353555333355555533
535555535555353333555335553555
553555555355353333535555555335
555355553555333353555335555553
555355535355533535535553535535
555535555535333353533555555355
555535333353553555555355353555
553553555355353555333355555535
555535333355553555555353353555
535555555535333353533555555355
555355555535333353533555555355
553555535555353333555335553555
553555555353353555333355555535
555555533555353333555355353555
555355533555333353555535535555
555555555335333353553555555353
555533333355553555555355353555
555535535555353333555335553555
555355353555555353553333535555
555355553555555353553333335555
553555555335353333535555555535
535555553333555355353555555353
535555535553353553555353553553
535555535535535353533555555353
553553353555555355553333535555
555355533555333353555535555535
553355555355353535535533553555
555535535535353535555335353555
555535355535355353353555355355
553555555335353333535555535555
535555535533535355533555555353
555535335535553535555335353555
553553353555535353535535555355
553553553555555355553333335555
553355553555535353335535555355
535555553535555353553555333355
553553555335353555535335553555
553555555335353333533555555555
555355533555333353555335555555
555555555335333353533555555355
555555533555353333555335553555
555535535355353555555355553333
535555353555555355553333335555
535555353333555355553555335555
555535555353553555333355555533
555535333353553555555355555533
553555353555335355355535355355
555335553535335353553555555355
555355555353553533535553553553
533555535355353533555355553555
553355555353353535535535553555
553355353555535353535535555355
555355353555335353355535355555
553555555353353533535553555553
535555353333555353553555555355
555535333355353555555353553555
555535333353353555555355553555
555353553555555355553333335555
555533333355353555555355553555
555353353555555355553333535555
535555553333555353353555555355
553555555335353555533335555553
553555555355353555533335555533
553555555353353555533335555535
553553555355353555533335555535
555535533335353555555353553555
555533533335353555555355553555
555355553555555353533335335555
555355533555555353533335355555
555553533335353555555335553555
555355353555555353533335535555
535555533335555353353555555355
535553535553353555555353553553
553553353555555353535535535355
553553533555555353335535555355
553535555335353555535353553555
553533555335353555535355553555
553355555353353555535535553535
535355533555555353353535555355
553355353555555353535535535355
553353555355353535535535553555
553355533555555353335535555355
553355555335353555535533553555
553353555335353555535535553555
553553553555555353535535335355
553355555355353555535535553533
553353555355353555535535553535
553355553555555353535535335355
555355353553533335555355535555
555355533553533335355555555355
555355353553533335535555555355
555355553553533335335555555355
553555355355533335555533553555
553555355353533335553555555535
553555355335533335555553553555
553555355353533335555535553555
555535333553553355555535553355
535555355333553355535555553355
535355355353553535535555553553
553535353553535355555535355355
535355355335553535535555553553
533535553553535355555535355355
535335355355553535535555553553
553535533553535355555535355355
