333333333353333555335353353333
353333335353333555333353333333
333353353533555333353333333333
333333353333555333353533333353
333333335333353333555333353353
333333333533353353333555333353
333333335333353353555333353333
333533333333353353333555333353
333333333533333353333555353353
335333333333353353555333353333
335333333333353333555333353353
333533333333333353333555353353
333533335353333555333353333333
333533333353333555335353333333
335333353333555333353533333333
335333353533555333353333333333
333533333333333353333555335353
333533353353333555333353333333
333533333333335353333555333353
333333335333353333555333353533
335333333333353333555333353533
333333333533333353333555335353
335333333333353533555333353333
333333333533335353333555333353
333333335333353533555333353333
335333353333555333353353333333
333533333353333555353353333333
335333353353555333353333333333
353353335333355533335333333333
335533333353333555333353333333
335353353333555333353333333333
533533335333355533335333333333
533533333353333555333353333333
533533353333555333353333333333
353353355333533333333333355333
353353333553333335333553333333
353353355333533333355333333333
353533333553333355333333333353
353533333353333355333333333553
533533333353333355333333333553
335353355333553333333333353333
335533333533333353335535333333
333533335533333353335535333333
335533335533333353333535333333
335533335333353333535533333333
335333335533353333535533333333
335533335533353333535333333333
355333353333533335355333333333
355333353333533333333333355335
333533335533333353335533333335
355335353333533333355333333333
355333353333533333355335333333
353335355333533333355333333333
355333355333533335333333353333
355333355335533333333333353333
355353355333533333333333353333
355333353353533333333333355333
353333355333533333333333355353
333553333353333335333333533553
333553333353533335333333333553
353333355333533335333333355333
335533333533333353335533333335
333553353553333335333353333333
335533335533333353333533333335
355333355333533353333333353333
333353333553533335333333333553
333353333553333335333333533553
333553333553333335333333533353
353553333553333335333333333353
353333355335533333333333355333
355333355335533333353333333333
333353533553333335333333333553
533553333553333335333333333353
533553333353333335333333333553
355333355353533333353333333333
355333355333533333333333353353
333553333553333335533353333333
353333355353533333355333333333
333353333553533335333553333333
333553533553333335333353333333
333553533353333335333553333333
533353333553333335333553333333
333553333553353335333353333333
533353333553333335333333333553
533553333553333335333353333333
333353333553333335533553333333
355333353335533333333333355333
333553333553533335333353333333
333553333353333335533553333333
355333353333533353355333333333
333553533353333335333333333553
533553333353333335333553333333
333553333553533335333333333353
333553333553333335333333353353
335533335533353333335333533333
335533335333353333335533533333
333553533553333335333333333353
333353533553333335333553333333
353335355333533333333333355333
333553353353333335333333333553
353333355333533333333333355335
333353333553333335353553333333
355333355333533335353333333333
353333355333533333355335333333
335333335533353333335533533333
355333355333533333333333353335
355333353333533335333333355333
355333353335533333355333333333
355333355333533333353353333333
333353353553333335333333333553
353553333353333335333333333553
353333355353533333333333355333
353333355333533335355333333333
355333353333533333355353333333
333553333353353335333333333553
333553333353533335333553333333
333353333553353335333333333553
355353353333533333333333355333
355335355333533333333333353333
333553333553333335353353333333
355335355333533333353333333333
333553333353353335333553333333
355333355333533333353335333333
355335353333533333333333355333
333553333353333335353553333333
353553333553333335333353333333
353333355335533333355333333333
333353353553333335333553333333
333353333553353335333553333333
353553333353333335333553333333
333553353553333335333333333353
355333353333533333333333355353
333353333553333335333333353553
355333355333533353353333333333
335533333535333353335533333333
333553333353333335333333353553
333553333553353335333333333353
355333353333533353333333355333
353333355333533353333333355333
353333355333533333355353333333
353333355333533353355333333333
355333355353533333333333353333
355353353333533333355333333333
355353355333533333353333333333
335533535533353333333333335333
335533333535333353333333335533
335533535533353333335333333333
335533333533333353333535335333
333533333533333353335535335333
533533335333355333333333335533
533533335533355333333333335333
333533335533333353333535335333
335333335533353333535333333533
335333335333353333535533333533
335533335333353333535333333533
335533335533353333335335333333
335333335535353333335533333333
335535335333353333333333335533
335533335333353333333333335535
335333335533353333333333335535
335535335533353333333333335333
335333335533353333335535333333
335535333533333353333333335533
333535335533333353333333335533
335533335533333353333333333535
335533335533353333333333335335
335535335533333353333533333333
335333335535353333333333335533
335533335533333353333333533533
335533335333353333335535333333
335535335333353333335533333333
333533335533333353333333335535
535533335533333353333533333333
335535335533353333335333333333
333533335533333353333333535533
333535335533333353335533333333
335535333533333353335533333333
335535335533333353333333333533
535533333533333353335533333333
335533335533333353533533333333
333533535533333353333333335533
335533333533333353535533333333
335533333533333353333333535533
535533335333353333335533333333
335533333533333353333333335535
333533535533333353335533333333
335333335533353333333333535533
535333335533353333335533333333
535533335533333353333333333533
535533335333353333333333335533
335533335333353333333333535533
335533335533353333333333535333
535533335533353333333333335333
535533333533333353333333335533
333533335533333353535533333333
535333335533353333333333335533
535533335533353333335333333333
335533335335353333333333335533
335533535533333353333533333333
335533535533333353333333333533
